102
0.1000 -0.5009 0.0054 0.9000 0.0041 0.0046 0.4000 0.4987 0.0060
0.5000 -0.2993 -0.5084 0.5000 0.2991 -0.5090 0.5000 0.0087 0.5089
1.1500 -1.9059 2.6802 1.5500 -2.9613 -3.2154 1.3500 -3.1141 -1.5300
2.1500 4.6332 -2.8917 2.5500 4.5610 0.5540 2.3500 4.0115 3.1802
3.1500 1.4854 -3.7591 3.5500 -4.9435 -1.0448 3.3500 2.7350 0.6616
4.1500 3.4117 4.1378 4.5500 -2.6277 -0.5181 4.3500 1.3780 4.0234
5.1000 -0.4989 0.0094 5.9000 0.0022 0.0043 5.4000 0.5055 0.0001
5.5000 -0.3042 -0.4982 5.5000 0.3006 -0.5031 5.5000 0.0071 0.4973
6.1500 2.6150 3.1382 6.5500 3.9046 1.5151 6.3500 -2.4747 3.4737
7.1500 2.1474 2.6696 7.5500 0.1358 -0.0652 7.3500 0.8268 -3.5281
8.1500 3.6134 -3.3530 8.5500 2.5388 2.0618 8.3500 -3.7900 -4.4928
9.1500 -2.8085 -1.9014 9.5500 1.2117 1.5083 9.3500 2.4875 0.6821
10.1500 -4.8747 -3.8597 10.5500 -3.0717 0.2528 10.3500 2.2011 -2.9085
11.1500 4.3642 -0.9939 11.5500 2.1321 1.1848 11.3500 1.5973 -0.2329
12.1500 2.0083 -3.3887 12.5500 2.9875 3.7288 12.3500 -4.5290 -3.0188
13.1500 -4.0566 -3.6002 13.5500 1.4143 -3.7699 13.3500 -4.3320 4.4583
14.1500 0.4053 -0.2587 14.5500 -1.5633 -0.4578 14.3500 -3.0580 0.7974
15.1500 -3.5467 -2.9132 15.5500 -0.8728 4.3035 15.3500 0.9788 4.8077
16.1500 -2.3953 2.1067 16.5500 -3.0952 4.9806 16.3500 -1.0946 -2.2859
17.1500 -1.9553 4.3671 17.5500 4.9218 0.5842 17.3500 -2.6802 -4.9026
18.1000 -0.5040 0.0029 18.9000 0.0025 0.0071 18.4000 0.5064 -0.0029
18.5000 -0.2965 -0.5011 18.5000 0.3046 -0.5063 18.5000 0.0095 0.4905
19.1500 -1.4753 3.0075 19.5500 -3.5635 3.9091 19.3500 -4.9678 2.3521
20.1500 0.0735 -3.2551 20.5500 -1.1785 -0.5335 20.3500 -2.8742 -3.3902
21.1500 0.4960 -2.2921 21.5500 1.2542 1.3296 21.3500 -3.6394 0.8460
22.1500 -3.8895 -1.9920 22.5500 3.6319 0.7904 22.3500 -2.7691 -1.0647
23.1500 2.0827 3.6074 23.5500 -4.1256 -4.5334 23.3500 -0.5847 -4.8001
24.1500 -3.9378 -4.1149 24.5500 1.2532 -4.0453 24.3500 0.6666 4.6615
25.1000 -0.4948 0.0017 25.9000 -0.0066 0.0090 25.4000 0.5047 -0.0024
25.5000 -0.2922 -0.5079 25.5000 0.3067 -0.4932 25.5000 -0.0077 0.5083
26.1500 4.1462 -2.1847 26.5500 2.3840 2.7969 26.3500 -1.5170 -4.6497
27.1000 -0.4999 0.0010 27.9000 -0.0075 0.0026 27.4000 0.4910 -0.0004
27.5000 -0.2998 -0.5059 27.5000 0.2910 -0.4919 27.5000 0.0070 0.5018
28.1000 -0.4995 0.0093 28.9000 0.0053 0.0038 28.4000 0.4908 0.0016
28.5000 -0.3053 -0.4903 28.5000 0.2902 -0.5055 28.5000 0.0076 0.4924
29.1500 -1.9360 3.8164 29.5500 1.9623 4.3394 29.3500 -3.0800 -4.1173
30.1500 2.6613 1.1910 30.5500 4.3512 2.1286 30.3500 -4.1810 -1.8490
31.1500 -2.3229 1.6653 31.5500 -0.5634 2.5658 31.3500 -4.8407 4.0877
32.1500 2.4266 3.4438 32.5500 -4.5783 0.4236 32.3500 4.7505 -4.9269
33.1500 -0.7471 -1.1849 33.5500 -3.0560 -3.1963 33.3500 -2.3404 -2.8248
34.1500 4.0183 4.4901 34.5500 -2.4018 -4.7248 34.3500 -2.3387 3.5658
35.1500 1.6199 -4.0715 35.5500 -1.4759 -3.3049 35.3500 1.1644 -1.2974
36.1500 0.1819 -0.9623 36.5500 -4.7851 3.3862 36.3500 -4.6094 -0.0109
37.1500 2.9060 -1.4448 37.5500 4.2984 -2.4177 37.3500 0.8154 0.7532
38.1500 -2.1142 -1.0234 38.5500 -1.7546 4.1874 38.3500 2.3794 -1.6010
39.1500 1.1773 -2.5311 39.5500 -0.0090 -4.0239 39.3500 -2.8859 -4.2298
40.1000 -0.4977 0.0066 40.9000 0.0067 -0.0056 40.4000 0.5090 -0.0033
40.5000 -0.2962 -0.4981 40.5000 0.2995 -0.4962 40.5000 0.0078 0.5039
41.1500 3.6142 2.4606 41.5500 -1.2558 4.7900 41.3500 -0.9659 -4.6042
42.1500 4.4265 0.3535 42.5500 2.5037 1.9601 42.3500 -4.0136 2.9567
43.1500 4.6537 -0.2086 43.5500 -2.2217 2.6970 43.3500 0.5295 3.7255
44.1000 -0.4963 0.0082 44.9000 -0.0064 -0.0082 44.4000 0.4998 0.0031
44.5000 -0.2974 -0.4994 44.5000 0.2968 -0.4958 44.5000 0.0098 0.5001
45.1500 4.6886 -3.2251 45.5500 0.6268 3.3956 45.3500 2.9046 2.4781
46.1500 -0.5013 4.6584 46.5500 -4.9842 -0.7646 46.3500 -0.4936 2.1796
47.1500 -3.0219 -0.5210 47.5500 1.3614 0.2866 47.3500 3.7478 -0.2723
48.1500 1.4209 -1.1057 48.5500 -4.7500 -0.9896 48.3500 -3.8924 1.3935
49.1500 2.3276 4.5739 49.5500 -3.5699 3.3551 49.3500 2.6350 -2.5977
50.1500 -3.2703 -1.9070 50.5500 0.2442 -1.1146 50.3500 -1.1088 2.1112
51.1500 -3.8392 0.7063 51.5500 2.7763 -4.6780 51.3500 2.4699 -4.7958
52.1500 -1.1784 -4.7970 52.5500 -4.2559 1.7009 52.3500 -2.3283 0.1911
53.1500 1.1568 4.3504 53.5500 2.5263 -1.3329 53.3500 4.5789 -1.4978
54.1500 -0.7783 4.8503 54.5500 -1.1298 -2.0915 54.3500 0.4295 1.3632
55.1500 2.0949 1.7271 55.5500 -0.8819 -0.6174 55.3500 4.8148 -0.0561
56.1500 -1.4083 -4.8868 56.5500 -1.0853 0.2189 56.3500 -1.0103 -2.9023
57.1500 -4.5034 2.0616 57.5500 0.2766 3.1589 57.3500 3.6352 2.5256
58.1500 4.0291 4.1393 58.5500 3.2013 3.9591 58.3500 -1.5185 4.9650
59.1500 3.1287 3.4933 59.5500 2.4642 0.7426 59.3500 0.1809 4.3117
60.1500 1.4483 4.3398 60.5500 -2.3450 -3.4324 60.3500 -1.8943 -0.5810
61.1500 -2.6672 -2.5812 61.5500 -3.5349 -0.2921 61.3500 -3.5834 -1.4734
62.1500 1.3305 1.2014 62.5500 -2.7028 4.9922 62.3500 -2.1570 4.0673
63.1500 0.6141 0.9009 63.5500 0.7835 -1.6140 63.3500 2.9085 1.2280
64.1500 -0.1804 -2.1672 64.5500 -0.9209 2.3456 64.3500 2.0986 4.9495
65.1500 4.9190 -1.7180 65.5500 -2.2320 4.9715 65.3500 -0.7422 0.8000
66.1500 -3.7497 -3.8088 66.5500 -0.3315 -2.9967 66.3500 -4.3833 2.1228
67.1500 -0.4541 1.3870 67.5500 -1.9466 -1.0403 67.3500 -1.6502 1.4414
68.1500 0.7823 0.4908 68.5500 0.6850 -4.5462 68.3500 2.8018 4.0869
69.1000 -0.4951 0.0014 69.9000 0.0048 -0.0097 69.4000 0.4907 0.0009
69.5000 -0.2989 -0.5079 69.5000 0.3055 -0.5080 69.5000 0.0079 0.5059
70.1500 3.5616 -2.0822 70.5500 1.1158 -4.7772 70.3500 2.5068 -3.1839
71.1000 -0.4948 -0.0088 71.9000 0.0029 0.0092 71.4000 0.5008 0.0010
71.5000 -0.2948 -0.4951 71.5000 0.3000 -0.5090 71.5000 0.0097 0.5046
72.1500 1.6751 -2.4888 72.5500 -2.6722 -4.6110 72.3500 -1.0302 0.6582
73.1000 -0.5063 -0.0022 73.9000 -0.0100 0.0062 73.4000 0.4932 0.0081
73.5000 -0.2986 -0.5038 73.5000 0.2914 -0.4974 73.5000 -0.0088 0.4967
74.1500 3.2881 2.0999 74.5500 0.8402 1.1872 74.3500 2.4479 3.7643
75.1000 -0.4921 0.0095 75.9000 0.0017 -0.0034 75.4000 0.4910 -0.0031
75.5000 -0.3093 -0.4964 75.5000 0.3019 -0.4954 75.5000 0.0074 0.4963
76.1500 2.3939 0.5837 76.5500 -4.3745 3.6484 76.3500 0.5043 -0.3500
77.1500 -3.8396 -4.6592 77.5500 1.6543 2.1581 77.3500 0.2964 0.5825
78.1500 3.2522 1.4814 78.5500 2.3289 0.0890 78.3500 -3.3470 2.9983
79.1000 -0.5066 0.0014 79.9000 -0.0027 0.0078 79.4000 0.4960 -0.0002
79.5000 -0.3062 -0.4931 79.5000 0.2972 -0.4957 79.5000 0.0047 0.4990
80.1000 -0.4907 -0.0093 80.9000 0.0065 -0.0068 80.4000 0.4986 -0.0011
80.5000 -0.3015 -0.4982 80.5000 0.3035 -0.4964 80.5000 -0.0087 0.4974
81.1500 4.6804 0.4033 81.5500 4.8979 -2.8959 81.3500 1.8527 0.2047
82.1500 -3.0930 1.0447 82.5500 3.8949 -0.0625 82.3500 0.1715 4.4539
83.1500 -1.4735 3.8240 83.5500 -4.2013 -4.6313 83.3500 1.6319 -0.1834
84.1500 0.6963 -2.2188 84.5500 1.6246 -0.5548 84.3500 1.2803 -3.0279
85.1500 -4.3616 4.0983 85.5500 3.4268 -3.4952 85.3500 -3.9329 3.2813
