1000
0.1500 1.6983 -4.0086 0.5500 -1.4703 -0.3209 0.3500 0.3468 4.7831
1.1000 -0.4966 -0.0027 1.9000 -0.0002 -0.0059 1.4000 0.5033 -0.0054
1.5000 -0.3008 -0.5092 1.5000 0.3095 -0.5003 1.5000 -0.0008 0.5043
2.1500 3.8801 -4.7671 2.5500 3.3351 -0.3151 2.3500 3.1148 4.4559
3.1500 -3.2382 1.9866 3.5500 -3.9114 -3.3974 3.3500 -4.0714 -1.8594
4.1000 -0.4929 -0.0042 4.9000 0.0056 0.0010 4.4000 0.4939 -0.0042
4.5000 -0.3036 -0.4968 4.5000 0.2946 -0.4976 4.5000 0.0079 0.5074
5.1500 -0.4180 -0.1502 5.5500 -2.1961 -1.7104 5.3500 4.8424 -4.8806
6.1000 -0.4970 -0.0085 6.9000 -0.0042 0.0059 6.4000 0.5082 -0.0026
6.5000 -0.3059 -0.4924 6.5000 0.3027 -0.4999 6.5000 -0.0034 0.4969
7.1500 2.6540 -0.2156 7.5500 -2.9846 3.7156 7.3500 2.5518 3.6756
8.1500 -2.5829 3.9245 8.5500 2.6596 -0.8532 8.3500 -1.7632 0.6131
9.1500 -3.3442 -0.1380 9.5500 4.4902 -0.3181 9.3500 -1.0337 4.1881
10.1500 4.3920 -4.5236 10.5500 3.6038 -2.9895 10.3500 -1.5639 3.8253
11.1000 -0.5073 -0.0046 11.9000 -0.0058 -0.0032 11.4000 0.5045 0.0026
11.5000 -0.3068 -0.4947 11.5000 0.3085 -0.4982 11.5000 -0.0066 0.4998
12.1500 -2.8381 1.1214 12.5500 1.2034 -2.6248 12.3500 -3.5601 2.7221
13.1500 -0.6131 -0.2210 13.5500 2.8411 3.3686 13.3500 -0.9374 2.7419
14.1000 -0.4925 -0.0094 14.9000 0.0096 0.0099 14.4000 0.5021 0.0078
14.5000 -0.2965 -0.5086 14.5000 0.3040 -0.4900 14.5000 0.0044 0.4944
15.1500 3.6621 2.9457 15.5500 -2.8588 3.2065 15.3500 -1.6144 -4.9118
16.1500 0.8247 2.4196 16.5500 -3.6043 0.4514 16.3500 4.2357 -3.4952
17.1500 1.2052 2.2516 17.5500 1.9161 2.6401 17.3500 -3.0389 1.0276
18.1500 -3.9185 -1.8715 18.5500 4.0992 4.4076 18.3500 -0.1463 1.1650
19.1500 -2.0975 1.4573 19.5500 -2.1494 2.6503 19.3500 3.2463 -0.4997
20.1500 -3.3035 -2.7389 20.5500 3.2581 -2.3974 20.3500 -4.2422 2.3764
21.1500 3.5649 2.5507 21.5500 -3.5484 -0.2128 21.3500 -0.6117 0.0770
22.1500 1.8833 2.0580 22.5500 4.4453 3.0382 22.3500 2.7408 -0.7539
23.1500 4.6637 1.8031 23.5500 -4.1176 1.6272 23.3500 0.1591 -2.8592
24.1500 2.7920 1.6605 24.5500 -0.8959 1.9627 24.3500 2.4116 -0.5283
25.1500 -0.5203 -3.1094 25.5500 3.6531 2.5081 25.3500 2.1246 3.0227
26.1500 -4.4034 -2.3548 26.5500 2.6040 -4.7008 26.3500 2.5214 -2.6608
27.1500 0.0058 4.7458 27.5500 -2.0539 4.6582 27.3500 -1.8787 -4.2408
28.1500 -0.6369 -1.4034 28.5500 -3.7424 3.7727 28.3500 -2.9235 -0.7492
29.1500 -4.5618 1.5764 29.5500 -2.7895 -1.5045 29.3500 0.4144 -0.6523
30.1500 4.9196 -0.0898 30.5500 4.5630 3.5278 30.3500 1.3301 -3.8309
31.1500 1.5739 1.8262 31.5500 -4.0898 -0.5479 31.3500 -0.1226 -4.7003
32.1500 4.1183 -3.4052 32.5500 -1.1678 -2.7936 32.3500 0.1615 2.1540
33.1500 -3.6895 2.1758 33.5500 1.4272 4.4251 33.3500 1.3909 -4.0496
34.1500 -1.6453 -4.5704 34.5500 2.7576 0.5323 34.3500 -0.6461 0.6094
35.1500 2.7615 4.8564 35.5500 -1.5539 2.2581 35.3500 4.0508 -1.2356
36.1500 1.2452 -1.8676 36.5500 -3.4790 -4.6643 36.3500 -1.4588 -1.4176
37.1500 0.6922 1.4462 37.5500 1.3262 1.2742 37.3500 4.8732 -0.2280
38.1000 -0.5064 -0.0055 38.9000 0.0046 -0.0044 38.4000 0.5099 0.0053
38.5000 -0.2937 -0.5013 38.5000 0.3012 -0.4978 38.5000 0.0071 0.4954
39.1500 1.1869 4.9628 39.5500 2.0895 3.0727 39.3500 2.8900 -1.2907
40.1500 0.7743 -1.3207 40.5500 0.1865 4.6328 40.3500 2.6106 0.2570
41.1500 -1.9116 -3.2495 41.5500 3.9380 4.0245 41.3500 3.5267 -0.8971
42.1500 0.1360 4.8820 42.5500 4.0049 2.8644 42.3500 -4.0245 -1.6275
43.1500 -1.5727 -2.7216 43.5500 -0.0449 -0.1606 43.3500 0.7697 -3.0718
44.1500 0.5659 0.1529 44.5500 -3.1788 -3.0548 44.3500 3.5559 2.6092
45.1500 -4.0445 -3.8578 45.5500 2.9142 3.1852 45.3500 -3.0983 1.8083
46.1000 -0.5020 -0.0040 46.9000 0.0095 -0.0092 46.4000 0.5079 0.0007
46.5000 -0.3082 -0.4903 46.5000 0.2909 -0.5015 46.5000 -0.0081 0.5046
47.1000 -0.5055 0.0046 47.9000 -0.0031 0.0081 47.4000 0.4966 0.0043
47.5000 -0.3092 -0.5007 47.5000 0.2901 -0.5033 47.5000 -0.0041 0.5046
48.1500 1.8978 -4.4942 48.5500 0.3588 -2.8797 48.3500 -4.0644 2.2258
49.1500 -3.3175 1.9679 49.5500 -0.7907 -3.0829 49.3500 3.7406 -0.9840
50.1500 2.3243 4.3251 50.5500 0.6975 2.1849 50.3500 -4.2884 -3.6906
51.1500 1.8252 -1.8981 51.5500 -2.5489 -2.3130 51.3500 -4.2982 -0.3988
52.1500 1.3038 -1.7429 52.5500 -0.5849 -3.3906 52.3500 -2.0621 -0.3757
53.1500 2.1777 4.1688 53.5500 -4.5577 -4.6125 53.3500 2.6453 -4.5230
54.1500 -4.0384 -1.8956 54.5500 -2.9458 -0.3920 54.3500 -3.7557 -4.9583
55.1500 -2.8529 3.5909 55.5500 -0.7372 2.5955 55.3500 0.5241 3.6518
56.1000 -0.5097 0.0036 56.9000 0.0083 -0.0032 56.4000 0.4969 0.0015
56.5000 -0.2998 -0.4949 56.5000 0.2910 -0.5071 56.5000 -0.0042 0.4949
57.1500 0.2752 3.0037 57.5500 -2.6832 4.5312 57.3500 3.8604 -2.0443
58.1500 3.6303 -3.9799 58.5500 -0.4195 -1.0047 58.3500 3.8020 3.4221
59.1000 -0.4900 0.0082 59.9000 0.0057 0.0036 59.4000 0.4996 -0.0026
59.5000 -0.3037 -0.4945 59.5000 0.2924 -0.5094 59.5000 0.0001 0.4928
60.1500 0.1549 3.7655 60.5500 3.6195 -0.5788 60.3500 2.7950 -4.7778
61.1500 -2.7067 0.0940 61.5500 3.8562 4.8534 61.3500 3.2867 0.6365
62.1000 -0.4994 0.0044 62.9000 0.0006 0.0010 62.4000 0.5058 0.0014
62.5000 -0.3049 -0.5010 62.5000 0.2996 -0.5094 62.5000 -0.0000 0.4994
63.1500 -3.9100 1.3424 63.5500 3.8271 -3.2301 63.3500 -4.2300 -0.2999
64.1500 -2.2612 0.7647 64.5500 3.3266 2.8267 64.3500 2.6398 1.2588
65.1500 3.6083 2.2798 65.5500 -1.7453 -1.7228 65.3500 -3.2243 -0.1040
66.1500 -4.8717 1.7770 66.5500 -0.6947 -0.2871 66.3500 -0.7663 1.3125
67.1500 -3.1591 -1.9548 67.5500 2.2591 1.9004 67.3500 2.9238 4.1634
68.1500 0.2845 -1.3684 68.5500 -0.0433 -3.0123 68.3500 -3.7202 -3.7757
69.1500 -3.2139 0.7261 69.5500 2.5755 4.9765 69.3500 2.2610 3.4613
70.1500 -0.7890 0.5887 70.5500 -4.8333 0.4092 70.3500 2.6285 -1.2895
71.1500 -2.1053 -2.6625 71.5500 4.9079 -2.8294 71.3500 0.4745 -0.0453
72.1500 -4.6700 4.8442 72.5500 -0.7364 3.6638 72.3500 -3.1672 -1.8363
73.1500 4.5743 0.3814 73.5500 -3.3598 2.8811 73.3500 0.2852 -2.8336
74.1500 -4.5711 -3.2424 74.5500 -1.1827 1.9476 74.3500 0.0112 0.3670
75.1500 -0.8844 2.8618 75.5500 -1.1140 4.8021 75.3500 2.1382 4.8734
76.1500 -4.2557 -2.9862 76.5500 -2.6761 -4.8143 76.3500 3.2912 0.1122
77.1500 -3.1853 1.4738 77.5500 4.3885 -1.0033 77.3500 -0.5963 -0.3543
78.1500 -3.7983 -0.9956 78.5500 4.9513 2.9627 78.3500 3.4527 -0.5290
79.1000 -0.4901 -0.0041 79.9000 0.0049 -0.0003 79.4000 0.5022 -0.0059
79.5000 -0.2905 -0.4943 79.5000 0.2923 -0.4937 79.5000 0.0045 0.5046
80.1000 -0.4954 0.0077 80.9000 0.0019 -0.0068 80.4000 0.5019 0.0003
80.5000 -0.2913 -0.5097 80.5000 0.2903 -0.4917 80.5000 0.0053 0.5073
81.1500 -2.0385 -4.9252 81.5500 0.8955 4.4219 81.3500 3.5585 0.8691
82.1500 -2.6432 -2.8022 82.5500 -3.3889 4.0469 82.3500 3.9919 4.2575
83.1500 -4.3313 1.7589 83.5500 0.7396 3.5511 83.3500 1.0701 -0.7716
84.1500 -2.2756 4.4570 84.5500 0.9198 2.6832 84.3500 -4.2312 0.6795
85.1500 4.2820 0.3997 85.5500 3.7123 -4.8154 85.3500 -0.1100 2.8298
86.1000 -0.4947 0.0031 86.9000 0.0057 -0.0005 86.4000 0.4926 -0.0093
86.5000 -0.3000 -0.4935 86.5000 0.2982 -0.5092 86.5000 0.0050 0.5062
87.1000 -0.4998 0.0073 87.9000 -0.0078 -0.0031 87.4000 0.5079 -0.0075
87.5000 -0.3026 -0.5020 87.5000 0.2902 -0.5064 87.5000 -0.0061 0.4925
88.1500 -1.0463 4.2365 88.5500 1.7450 1.8063 88.3500 -4.3089 4.0887
89.1500 -2.3858 3.6090 89.5500 1.7174 0.6892 89.3500 2.0265 4.1223
90.1500 -1.9014 3.6945 90.5500 -2.9132 -1.8321 90.3500 2.2876 -1.2752
91.1500 -2.8007 -1.7387 91.5500 3.8292 -3.0119 91.3500 -1.7402 3.7076
92.1500 1.1698 0.2992 92.5500 -3.1482 -2.3603 92.3500 2.4365 2.8815
93.1500 3.9589 1.7660 93.5500 0.2209 -4.3210 93.3500 3.8538 2.2570
94.1500 -2.5483 -1.3823 94.5500 0.0106 3.2755 94.3500 -1.4132 -3.4166
95.1500 -1.6905 2.4273 95.5500 4.0417 -1.9074 95.3500 -1.8845 -4.4493
96.1500 4.4189 -4.1990 96.5500 4.3021 -2.1694 96.3500 4.8451 -0.5147
97.1500 4.7764 0.7401 97.5500 0.8946 -1.7916 97.3500 1.4786 -2.5143
98.1500 -2.6842 -0.2029 98.5500 -4.1709 -3.2943 98.3500 0.5486 -4.5702
99.1500 -4.4794 4.7445 99.5500 -0.4463 -0.9797 99.3500 -4.2357 1.5488
100.1500 -4.0334 4.4849 100.5500 -2.4054 0.7716 100.3500 -0.7043 0.7666
101.1500 4.9734 1.4409 101.5500 1.6961 -3.7773 101.3500 -4.8295 -2.0167
102.1500 -1.4032 0.4942 102.5500 1.2966 -1.4264 102.3500 2.1271 0.5996
103.1000 -0.4968 -0.0017 103.9000 0.0019 0.0092 103.4000 0.4956 -0.0090
103.5000 -0.2913 -0.4984 103.5000 0.2975 -0.4947 103.5000 -0.0082 0.4940
104.1000 -0.5086 -0.0018 104.9000 0.0061 0.0029 104.4000 0.5097 -0.0074
104.5000 -0.2951 -0.5075 104.5000 0.3033 -0.5005 104.5000 -0.0075 0.4947
105.1500 -2.5447 -1.2579 105.5500 -4.3929 3.2887 105.3500 -2.0411 -0.5937
106.1500 -4.3225 -2.1773 106.5500 0.7397 -3.8865 106.3500 -3.9450 -3.7800
107.1500 4.1978 2.4843 107.5500 4.5527 1.2618 107.3500 4.8122 4.3540
108.1500 3.3878 -0.8445 108.5500 -1.8350 -0.4979 108.3500 -3.6575 -3.8621
109.1500 3.7808 -3.2595 109.5500 1.5250 0.4653 109.3500 4.1091 -0.5318
110.1500 0.4588 3.5698 110.5500 -2.9365 -1.5072 110.3500 2.5277 1.7930
111.1000 -0.5037 -0.0020 111.9000 0.0003 0.0002 111.4000 0.4991 -0.0047
111.5000 -0.2949 -0.5092 111.5000 0.3013 -0.4916 111.5000 -0.0059 0.4991
112.1500 -1.0418 1.8276 112.5500 2.0338 -1.4596 112.3500 1.1103 0.3862
113.1500 3.5915 -0.9042 113.5500 3.6345 0.9131 113.3500 -1.7220 3.4650
114.1500 4.7164 -3.7920 114.5500 -2.3957 -4.9480 114.3500 3.4809 2.2910
115.1500 0.2573 2.7169 115.5500 -1.8414 -3.0578 115.3500 0.6327 2.3241
116.1500 1.0446 -0.9491 116.5500 -2.4884 0.4334 116.3500 3.4808 -1.0463
117.1500 -3.0304 4.6619 117.5500 2.5449 0.3661 117.3500 -4.7654 0.8713
118.1500 2.7626 4.0742 118.5500 -4.8038 2.6104 118.3500 -0.6459 -2.4168
119.1500 -4.2921 1.3210 119.5500 4.8855 4.4682 119.3500 2.2192 4.4015
120.1500 2.8880 2.6465 120.5500 -1.5781 -1.7286 120.3500 4.0489 -1.8993
121.1500 2.5658 -3.4705 121.5500 0.1417 -2.5178 121.3500 3.9457 3.8933
122.1500 -4.3714 0.6234 122.5500 1.5370 1.3747 122.3500 -1.2942 -4.1934
123.1500 -3.1219 -3.8653 123.5500 -2.6760 3.4002 123.3500 1.1776 -0.3507
124.1000 -0.4920 -0.0020 124.9000 -0.0076 -0.0066 124.4000 0.5017 0.0069
124.5000 -0.3030 -0.4962 124.5000 0.2984 -0.4999 124.5000 0.0037 0.4987
125.1500 -3.4375 -1.2822 125.5500 -2.3153 2.7031 125.3500 2.3558 1.0095
126.1500 1.7488 -2.2194 126.5500 2.1494 1.3817 126.3500 -4.5101 4.7262
127.1500 4.2344 -1.3223 127.5500 -2.4886 3.2036 127.3500 0.6263 3.4978
128.1500 1.6369 0.2898 128.5500 -2.7847 3.1481 128.3500 4.9120 -0.8199
129.1500 -3.6866 4.1748 129.5500 -1.6025 -0.3037 129.3500 3.0968 1.7831
130.1500 4.1471 0.6190 130.5500 2.7508 -4.2992 130.3500 -2.4832 3.5090
131.1500 2.2926 4.1944 131.5500 -1.7668 1.6283 131.3500 1.0533 1.0492
132.1500 0.5482 3.1635 132.5500 0.4869 2.3468 132.3500 -2.6816 -1.1314
133.1000 -0.5068 0.0015 133.9000 0.0082 -0.0054 133.4000 0.4996 0.0099
133.5000 -0.2910 -0.5036 133.5000 0.3051 -0.4942 133.5000 -0.0075 0.5002
134.1500 -4.3084 0.4349 134.5500 -4.1472 0.0026 134.3500 4.4419 -4.2148
135.1500 -0.1619 2.9208 135.5500 0.4643 1.7323 135.3500 2.3669 -1.9341
136.1500 1.1211 0.7863 136.5500 4.8908 1.3685 136.3500 -1.0825 -4.8784
137.1500 1.2274 0.6727 137.5500 3.6844 -4.6893 137.3500 -2.8459 1.1909
138.1500 4.3452 3.8119 138.5500 -3.7202 -0.0180 138.3500 -1.9838 -1.3150
139.1000 -0.5007 0.0096 139.9000 0.0061 0.0068 139.4000 0.5069 0.0024
139.5000 -0.3014 -0.4999 139.5000 0.3005 -0.5074 139.5000 -0.0079 0.4958
140.1500 -3.9412 2.9718 140.5500 -0.2269 0.0651 140.3500 -0.9887 -4.2693
141.1500 0.5817 -0.4616 141.5500 -4.5842 -0.7646 141.3500 -0.5602 0.7751
142.1500 3.7888 -2.4287 142.5500 -2.5586 -4.6529 142.3500 2.2116 -0.3875
143.1500 -4.7134 1.4802 143.5500 -2.2438 3.8819 143.3500 -2.6200 4.3846
144.1500 3.9355 1.4385 144.5500 1.1739 -4.9163 144.3500 1.0062 -3.5772
145.1500 -3.5234 0.8352 145.5500 4.3378 1.9712 145.3500 3.3594 -3.5450
146.1500 4.9557 3.7544 146.5500 1.6667 3.3520 146.3500 3.0069 -4.9372
147.1500 -2.7459 4.1018 147.5500 -1.5671 -2.1936 147.3500 -3.9315 -0.9107
148.1500 2.2285 0.1413 148.5500 1.5840 0.5019 148.3500 2.7119 3.4223
149.1500 4.0248 -2.9182 149.5500 -4.5585 2.7933 149.3500 -1.7234 -0.5281
150.1000 -0.5013 -0.0083 150.9000 -0.0081 -0.0024 150.4000 0.5019 -0.0049
150.5000 -0.3022 -0.5052 150.5000 0.2949 -0.5054 150.5000 -0.0025 0.5008
151.1500 3.2202 0.6889 151.5500 1.6389 1.3500 151.3500 3.4201 2.3251
152.1500 0.1697 3.5104 152.5500 -0.6740 1.4600 152.3500 -3.2681 1.5304
153.1000 -0.4910 0.0038 153.9000 0.0027 0.0052 153.4000 0.4980 -0.0005
153.5000 -0.3036 -0.4964 153.5000 0.3065 -0.4904 153.5000 0.0037 0.4990
154.1500 -0.3363 1.4414 154.5500 3.3548 1.4073 154.3500 0.9486 3.2672
155.1500 -2.8038 4.4943 155.5500 -0.7781 -2.3348 155.3500 0.4192 -1.0505
156.1500 0.5658 2.6086 156.5500 -3.3878 -4.4136 156.3500 4.6999 2.4669
157.1500 -4.6147 -3.7522 157.5500 1.7615 -0.7035 157.3500 -1.8486 4.2214
158.1000 -0.5028 -0.0066 158.9000 0.0034 0.0084 158.4000 0.5024 -0.0007
158.5000 -0.3002 -0.5019 158.5000 0.2951 -0.4945 158.5000 0.0073 0.5054
159.1500 4.8087 -1.5619 159.5500 -0.9313 -2.5610 159.3500 -4.4250 -2.0704
160.1500 -4.0087 -1.1438 160.5500 2.5719 2.1457 160.3500 2.8543 -4.5871
161.1000 -0.4933 0.0094 161.9000 0.0070 0.0062 161.4000 0.4932 0.0001
161.5000 -0.2989 -0.5044 161.5000 0.2982 -0.5069 161.5000 -0.0030 0.5064
162.1500 4.9140 -1.4489 162.5500 1.0370 -3.6799 162.3500 2.7908 -2.9546
163.1000 -0.4974 -0.0048 163.9000 0.0077 -0.0077 163.4000 0.4956 0.0015
163.5000 -0.3036 -0.4930 163.5000 0.3029 -0.5072 163.5000 0.0017 0.4943
164.1500 0.9461 -1.9380 164.5500 -3.5535 -2.8319 164.3500 -0.4483 -2.7564
165.1500 2.3454 1.8953 165.5500 1.9419 -0.4396 165.3500 2.4499 -3.8760
166.1500 3.5681 0.3706 166.5500 4.9725 -2.7825 166.3500 -3.3494 0.3729
167.1500 3.1448 4.6140 167.5500 2.9474 -4.1755 167.3500 -4.1908 3.2764
168.1000 -0.5035 0.0052 168.9000 -0.0098 0.0016 168.4000 0.5027 0.0060
168.5000 -0.2977 -0.5056 168.5000 0.2995 -0.4940 168.5000 0.0022 0.4902
169.1000 -0.5051 0.0080 169.9000 0.0064 0.0075 169.4000 0.4904 0.0092
169.5000 -0.3070 -0.5023 169.5000 0.3052 -0.5059 169.5000 -0.0085 0.4942
170.1500 -1.1381 4.1207 170.5500 1.9372 -4.2277 170.3500 -4.5157 -2.1923
171.1500 -2.8796 0.0159 171.5500 2.7827 2.6835 171.3500 -4.4579 4.3651
172.1500 -1.2361 2.2776 172.5500 4.7252 -2.4833 172.3500 -2.7996 -4.1227
173.1500 2.7147 3.4340 173.5500 1.7982 4.5085 173.3500 -2.2906 2.0732
174.1000 -0.5074 -0.0089 174.9000 0.0008 -0.0015 174.4000 0.4978 0.0077
174.5000 -0.3033 -0.4974 174.5000 0.3049 -0.4918 174.5000 0.0045 0.5085
175.1500 2.8124 -1.0228 175.5500 4.6663 3.5764 175.3500 2.4157 -4.7270
176.1500 1.0212 -0.0396 176.5500 3.6147 2.4759 176.3500 -3.6175 -0.2667
177.1500 4.0237 0.8955 177.5500 1.0297 4.6445 177.3500 -0.6675 -2.9829
178.1500 4.8059 -4.0003 178.5500 0.5527 2.7238 178.3500 1.1665 0.1030
179.1500 4.6117 2.9980 179.5500 4.2827 4.4293 179.3500 -4.1701 3.5129
180.1500 3.0462 -2.7561 180.5500 -3.1854 1.1609 180.3500 1.5614 0.9153
181.1500 -3.5164 2.6260 181.5500 0.3985 2.2649 181.3500 -1.0117 -3.6707
182.1500 2.3115 -4.3204 182.5500 -0.4558 -0.8925 182.3500 4.1718 -3.5886
183.1500 0.6044 0.0369 183.5500 3.7112 -0.2245 183.3500 2.9909 -4.9902
184.1500 3.8320 -2.7357 184.5500 0.7932 -4.1576 184.3500 1.1034 -1.5203
185.1500 4.3743 -2.0426 185.5500 -4.0054 -0.9502 185.3500 -0.2773 -3.9912
186.1500 -2.1394 2.3867 186.5500 1.7136 -0.4714 186.3500 -1.7307 -0.3719
187.1500 4.6074 4.9524 187.5500 1.2393 0.0974 187.3500 -1.5315 -4.6874
188.1000 -0.5099 0.0080 188.9000 -0.0054 -0.0004 188.4000 0.5050 -0.0085
188.5000 -0.2971 -0.5057 188.5000 0.3087 -0.4929 188.5000 -0.0019 0.5012
189.1500 -3.3547 -3.7831 189.5500 4.2333 -1.5097 189.3500 2.5118 4.1871
190.1500 1.7728 4.7158 190.5500 -2.9928 -4.2129 190.3500 2.0702 -4.0708
191.1500 4.5892 1.2778 191.5500 -4.9198 -2.3598 191.3500 2.0908 -1.7581
192.1500 2.8266 0.6430 192.5500 2.9488 0.8767 192.3500 2.7953 -2.3209
193.1500 1.0480 -0.2765 193.5500 2.4882 0.1062 193.3500 -0.0115 3.9206
194.1500 2.6364 0.6768 194.5500 -3.1433 -3.6115 194.3500 -1.9950 0.5615
195.1500 0.7621 4.4641 195.5500 -4.6033 4.4442 195.3500 3.7448 3.3846
196.1500 1.9885 -0.0578 196.5500 3.0904 -1.0060 196.3500 -3.0501 -4.6116
197.1500 2.1364 -0.5702 197.5500 -2.0171 3.9005 197.3500 -3.6048 1.4236
198.1500 1.8813 -2.0407 198.5500 4.8280 3.0752 198.3500 0.4409 2.8077
199.1500 -4.8212 -1.2090 199.5500 -0.4182 -2.0936 199.3500 -3.5983 -0.9451
200.1500 -3.0864 -2.0415 200.5500 -4.6175 2.5714 200.3500 3.6636 2.2031
201.1500 -3.7098 4.9562 201.5500 3.4625 -0.1278 201.3500 3.0107 0.6475
202.1500 -1.2107 -2.1220 202.5500 0.0173 -3.4122 202.3500 -3.1951 -3.4810
203.1000 -0.4970 -0.0049 203.9000 -0.0096 -0.0088 203.4000 0.4948 0.0040
203.5000 -0.3057 -0.4972 203.5000 0.2972 -0.5010 203.5000 0.0079 0.4949
204.1500 0.7102 4.1679 204.5500 0.2421 -2.6710 204.3500 1.9384 2.6421
205.1000 -0.4958 -0.0010 205.9000 -0.0092 -0.0042 205.4000 0.5079 0.0066
205.5000 -0.3073 -0.4956 205.5000 0.3058 -0.5012 205.5000 -0.0030 0.4981
206.1000 -0.4962 -0.0034 206.9000 0.0072 -0.0020 206.4000 0.5049 0.0033
206.5000 -0.3079 -0.4946 206.5000 0.2932 -0.5096 206.5000 0.0035 0.4963
207.1500 -4.6998 -1.8305 207.5500 -3.4918 1.9515 207.3500 1.0489 4.8814
208.1500 -4.7479 3.7642 208.5500 3.2704 3.8114 208.3500 -1.1186 2.3055
209.1500 -0.0364 -2.6322 209.5500 4.8025 4.9767 209.3500 -1.9396 3.2171
210.1000 -0.5074 -0.0062 210.9000 -0.0065 -0.0007 210.4000 0.4948 0.0098
210.5000 -0.2952 -0.5021 210.5000 0.3054 -0.5076 210.5000 0.0033 0.4910
211.1500 -2.8967 3.5544 211.5500 2.9173 2.8293 211.3500 -3.3114 -1.9107
212.1500 -3.0128 -0.3437 212.5500 -3.2149 2.7196 212.3500 -2.2656 -0.2835
213.1000 -0.5072 0.0094 213.9000 -0.0045 -0.0042 213.4000 0.4952 -0.0089
213.5000 -0.3008 -0.4920 213.5000 0.2954 -0.4954 213.5000 -0.0073 0.5093
214.1500 -3.3320 -0.0221 214.5500 4.3767 3.4042 214.3500 -2.2125 0.6111
215.1500 -4.4186 -4.3957 215.5500 -1.5402 -4.7852 215.3500 -0.4729 0.3461
216.1500 -1.9333 -3.2382 216.5500 4.7384 4.0502 216.3500 -1.1033 -3.0883
217.1500 2.1372 -0.9756 217.5500 4.9402 -2.6926 217.3500 2.7176 3.7814
218.1500 -2.4476 -4.1391 218.5500 -1.7170 1.3370 218.3500 -1.6270 3.0177
219.1500 0.9866 -4.9322 219.5500 -3.5398 -3.7653 219.3500 4.4017 -4.5844
220.1500 -4.3536 3.7722 220.5500 1.3666 -1.1792 220.3500 2.6231 -2.1984
221.1500 1.8215 1.7046 221.5500 4.7338 3.5777 221.3500 3.6636 2.5526
222.1000 -0.5082 -0.0058 222.9000 0.0093 0.0039 222.4000 0.4991 -0.0045
222.5000 -0.3061 -0.5051 222.5000 0.3076 -0.4994 222.5000 -0.0053 0.5062
223.1500 4.0268 -0.2005 223.5500 -0.0859 4.3614 223.3500 -0.6322 -4.7619
224.1000 -0.5067 0.0089 224.9000 -0.0025 0.0022 224.4000 0.5054 0.0023
224.5000 -0.2942 -0.5085 224.5000 0.2902 -0.5026 224.5000 -0.0086 0.4951
225.1500 -1.2193 2.5267 225.5500 -3.8112 -3.4670 225.3500 4.3853 -2.0254
226.1500 -3.7512 2.3117 226.5500 4.8424 4.1013 226.3500 -2.4956 -2.4429
227.1500 -4.3496 -1.5274 227.5500 -4.1496 -4.1277 227.3500 -2.4404 -1.7988
228.1500 3.5459 0.3622 228.5500 -4.1209 3.9586 228.3500 -1.2402 2.7442
229.1500 4.9357 -0.4701 229.5500 -2.9174 4.3271 229.3500 2.9956 -3.1223
230.1500 -1.7276 -2.2919 230.5500 4.2241 -2.0914 230.3500 1.4135 -1.8166
231.1500 -4.9592 1.5694 231.5500 2.2295 4.9574 231.3500 -1.6707 -0.2151
232.1000 -0.5036 -0.0041 232.9000 0.0053 0.0084 232.4000 0.4936 0.0083
232.5000 -0.2999 -0.5012 232.5000 0.2910 -0.4958 232.5000 0.0055 0.5035
233.1500 2.6340 0.0951 233.5500 -2.9636 1.8118 233.3500 2.8544 2.6407
234.1000 -0.5082 0.0088 234.9000 0.0032 -0.0043 234.4000 0.4909 0.0068
234.5000 -0.3070 -0.4919 234.5000 0.3042 -0.5077 234.5000 -0.0056 0.5082
235.1500 -1.4769 2.0240 235.5500 4.6722 3.5828 235.3500 0.0848 -1.0650
236.1500 -2.7820 4.8292 236.5500 -2.2239 -2.8906 236.3500 0.3019 0.5395
237.1000 -0.5056 -0.0070 237.9000 -0.0080 -0.0028 237.4000 0.4929 0.0002
237.5000 -0.2918 -0.4966 237.5000 0.2983 -0.5068 237.5000 -0.0055 0.4959
238.1500 -4.1839 0.5635 238.5500 4.3847 -1.5094 238.3500 -4.3961 4.4717
239.1500 2.0329 2.0365 239.5500 -3.3914 -1.4797 239.3500 0.5808 3.2163
240.1500 0.3836 4.8490 240.5500 -2.0013 -4.0926 240.3500 2.1995 -4.3292
241.1500 0.4462 -0.5025 241.5500 1.5235 -4.5490 241.3500 -0.3537 3.8654
242.1000 -0.5006 0.0046 242.9000 -0.0051 -0.0085 242.4000 0.4928 -0.0046
242.5000 -0.3001 -0.4916 242.5000 0.2971 -0.4995 242.5000 0.0056 0.5022
243.1000 -0.4909 0.0044 243.9000 -0.0048 -0.0009 243.4000 0.4995 0.0026
243.5000 -0.3044 -0.4906 243.5000 0.2991 -0.5090 243.5000 -0.0063 0.4970
244.1500 -0.4171 -3.5337 244.5500 2.4474 3.9705 244.3500 1.6889 -3.4961
245.1500 -1.1331 -3.5201 245.5500 2.6693 2.9461 245.3500 -1.5008 3.7669
246.1500 3.6197 -0.3414 246.5500 0.2808 2.5244 246.3500 2.6505 -2.4507
247.1500 -4.4283 -3.5784 247.5500 2.1891 0.8093 247.3500 -2.4131 3.4778
248.1000 -0.4972 0.0003 248.9000 0.0065 -0.0078 248.4000 0.5073 -0.0029
248.5000 -0.3002 -0.5056 248.5000 0.2916 -0.5015 248.5000 -0.0065 0.4987
249.1500 -4.1740 -1.0280 249.5500 -0.9138 -1.7420 249.3500 -3.7471 1.8927
250.1500 2.9814 -0.8561 250.5500 -3.3723 -4.2146 250.3500 -2.6635 -0.0558
251.1500 -2.2502 4.7051 251.5500 -3.4654 0.5756 251.3500 -4.6426 1.9734
252.1500 1.3288 -3.9340 252.5500 -1.9771 -3.1743 252.3500 4.7994 3.0291
253.1000 -0.4979 0.0065 253.9000 0.0046 -0.0066 253.4000 0.5069 0.0056
253.5000 -0.2948 -0.5045 253.5000 0.3011 -0.4989 253.5000 0.0041 0.5052
254.1500 -0.0987 4.7195 254.5500 1.4978 -3.6824 254.3500 -4.6624 -0.8126
255.1500 2.1575 2.9801 255.5500 3.3749 -4.9074 255.3500 -0.9804 -2.2874
256.1500 1.8853 3.0236 256.5500 4.1472 1.5473 256.3500 3.9101 -4.3701
257.1500 -4.6873 0.1769 257.5500 -2.1965 -3.6421 257.3500 4.8471 4.6277
258.1500 -3.9132 3.4580 258.5500 4.5626 -0.9247 258.3500 2.4602 4.6687
259.1500 -1.6032 -1.3906 259.5500 -3.1309 -0.7344 259.3500 2.7072 4.5817
260.1000 -0.4977 -0.0040 260.9000 0.0058 0.0049 260.4000 0.5049 -0.0098
260.5000 -0.3043 -0.5067 260.5000 0.3016 -0.5022 260.5000 -0.0015 0.4942
261.1500 -0.4281 4.7105 261.5500 1.6286 1.0047 261.3500 -0.9007 -0.0488
262.1500 -0.3447 4.6311 262.5500 0.6061 -2.7259 262.3500 1.5319 3.6467
263.1500 -4.4024 2.9214 263.5500 -4.9180 3.8051 263.3500 2.0818 -1.3657
264.1500 -4.5349 -2.9303 264.5500 3.6505 -4.9801 264.3500 -0.6127 -1.8638
265.1500 -3.1375 3.2705 265.5500 -0.4894 -2.6110 265.3500 -4.0535 -3.5566
266.1500 4.5174 2.3836 266.5500 -0.6186 4.6535 266.3500 -4.1053 4.7226
267.1500 -0.9319 3.8358 267.5500 -1.6186 -0.0375 267.3500 -2.8706 2.4677
268.1500 -0.8532 4.1977 268.5500 -2.1072 2.9467 268.3500 1.0696 1.2120
269.1500 -0.9501 -4.9877 269.5500 -2.4285 -0.0624 269.3500 -1.9853 -0.8908
270.1500 0.7898 -1.9489 270.5500 2.1078 3.7834 270.3500 4.2082 -2.3547
271.1500 -4.8918 3.8852 271.5500 -2.2405 -0.1060 271.3500 -3.1034 -4.7204
272.1500 -4.8236 0.4494 272.5500 1.4528 -1.0966 272.3500 -2.1595 4.9322
273.1500 -4.5789 4.1134 273.5500 -4.7584 3.7612 273.3500 0.4169 4.3729
274.1000 -0.5045 0.0077 274.9000 0.0053 -0.0012 274.4000 0.4911 0.0098
274.5000 -0.2958 -0.5096 274.5000 0.3017 -0.5067 274.5000 -0.0064 0.5058
275.1500 2.4557 2.9598 275.5500 0.0985 3.0909 275.3500 -2.9655 0.4089
276.1500 -4.5710 -3.1715 276.5500 -0.4337 2.2295 276.3500 -1.4306 -1.6876
277.1500 -4.1876 2.8395 277.5500 -4.4422 4.7286 277.3500 -0.5523 -4.3404
278.1500 -4.8717 -2.3900 278.5500 -3.0457 3.8889 278.3500 2.2937 -2.4226
279.1500 1.3317 2.8527 279.5500 1.7683 2.8186 279.3500 -3.5139 -0.2474
280.1500 -4.3254 -2.6012 280.5500 3.6112 -3.1465 280.3500 -1.9265 -2.9408
281.1500 1.6560 1.6806 281.5500 0.4165 0.0927 281.3500 2.0425 2.3194
282.1500 4.0155 4.4298 282.5500 1.7480 0.1491 282.3500 -1.6274 2.2853
283.1000 -0.4904 -0.0071 283.9000 -0.0015 -0.0099 283.4000 0.4992 -0.0037
283.5000 -0.3079 -0.4958 283.5000 0.3076 -0.5097 283.5000 -0.0057 0.4985
284.1500 3.9900 0.7223 284.5500 -0.3948 2.9541 284.3500 -1.6209 2.4016
285.1500 -1.3018 -1.0700 285.5500 0.4172 -2.5530 285.3500 -2.3424 -4.8815
286.1500 1.1904 2.3377 286.5500 -1.4272 -3.1560 286.3500 2.5549 -2.9683
287.1500 -3.1470 -0.5199 287.5500 -0.7026 1.5259 287.3500 -0.8448 3.6292
288.1500 3.5432 -0.6560 288.5500 0.0655 -1.3312 288.3500 3.3407 0.4571
289.1500 -4.6380 4.3684 289.5500 1.7513 -2.3245 289.3500 0.1431 0.9966
290.1000 -0.5009 -0.0036 290.9000 0.0090 -0.0082 290.4000 0.5087 0.0082
290.5000 -0.3026 -0.4940 290.5000 0.3013 -0.5054 290.5000 0.0096 0.4985
291.1500 -1.0806 -3.0266 291.5500 -3.9442 3.8112 291.3500 -0.1079 -0.3697
292.1500 4.4464 3.8351 292.5500 0.2591 4.5694 292.3500 -0.0160 -4.6861
293.1500 2.3007 -4.6671 293.5500 4.7637 -0.7951 293.3500 0.3053 0.4347
294.1500 1.2959 -3.2366 294.5500 0.2722 -4.9541 294.3500 4.1866 4.5962
295.1500 -1.1123 -1.7469 295.5500 4.5808 -0.3369 295.3500 -1.8629 -3.6723
296.1500 3.3189 -1.1122 296.5500 -0.6527 -0.0454 296.3500 -3.9497 4.3677
297.1500 -1.0268 -4.1255 297.5500 4.5885 -0.9079 297.3500 3.5217 -3.4652
298.1500 -3.4373 4.0063 298.5500 -3.5232 -3.4067 298.3500 -4.2541 -0.6307
299.1500 3.1655 -0.6547 299.5500 3.5557 -0.7547 299.3500 3.2435 -0.3853
300.1500 1.6714 -3.4713 300.5500 -3.3078 2.8682 300.3500 3.3245 3.9068
301.1000 -0.4967 -0.0002 301.9000 0.0007 -0.0097 301.4000 0.5062 -0.0077
301.5000 -0.3074 -0.4998 301.5000 0.3074 -0.4945 301.5000 -0.0092 0.4998
302.1500 -1.8587 0.4936 302.5500 -4.4059 1.8533 302.3500 -0.2343 4.1308
303.1500 3.5762 3.9233 303.5500 -4.8030 -4.9472 303.3500 -2.2061 -1.3442
304.1500 0.7843 -0.1242 304.5500 4.7759 -2.9791 304.3500 -2.1723 3.3462
305.1500 -1.9591 2.3994 305.5500 -3.7403 0.8574 305.3500 -4.0657 -0.3448
306.1500 0.3329 2.4694 306.5500 -1.1905 0.0081 306.3500 0.3005 -1.5154
307.1500 -0.3801 -3.5135 307.5500 -1.7614 -4.6725 307.3500 1.2794 -4.3097
308.1500 4.3064 -4.1458 308.5500 4.1773 -3.8414 308.3500 3.8513 0.0134
309.1500 -0.4102 -1.8781 309.5500 -0.8075 -4.6202 309.3500 -4.4075 0.7252
310.1500 -4.9020 -4.5750 310.5500 -4.1689 -4.4247 310.3500 0.1842 0.2693
311.1500 2.3300 0.5265 311.5500 -2.4894 2.1076 311.3500 -2.8272 1.5085
312.1500 -1.0374 1.2348 312.5500 -1.8814 2.2819 312.3500 -4.9281 1.8028
313.1500 0.2195 -0.3296 313.5500 -4.6103 2.3895 313.3500 -4.2033 4.3622
314.1500 -3.2305 0.2417 314.5500 -4.8143 -4.3326 314.3500 -3.0360 0.2775
315.1000 -0.5057 -0.0082 315.9000 0.0036 0.0047 315.4000 0.5031 0.0050
315.5000 -0.3098 -0.5076 315.5000 0.2997 -0.4936 315.5000 -0.0038 0.4996
316.1500 -2.8676 1.1357 316.5500 4.1972 -4.0904 316.3500 -1.3996 1.0926
317.1500 2.4432 3.7704 317.5500 -0.5783 -1.7196 317.3500 3.8729 -0.9762
318.1500 -4.2977 -4.5563 318.5500 -2.6720 -3.9716 318.3500 -1.0139 2.3452
319.1500 -3.6407 2.6839 319.5500 4.9165 -1.8468 319.3500 4.3296 -1.6259
320.1500 0.7722 1.7663 320.5500 0.5294 2.7449 320.3500 1.6663 -0.4829
321.1500 -2.9996 2.1134 321.5500 3.4709 -0.3540 321.3500 -4.4386 -0.2104
322.1500 -2.3427 -3.3701 322.5500 2.2777 -0.5574 322.3500 -3.5832 1.4022
323.1500 -4.6804 3.8856 323.5500 4.6316 -4.9706 323.3500 0.0908 -1.6222
324.1500 -3.4181 2.2429 324.5500 -1.5285 -1.0396 324.3500 4.8949 -1.1108
325.1500 4.1685 2.9728 325.5500 -3.7336 2.2078 325.3500 -0.7776 2.7775
326.1500 0.2979 -2.6067 326.5500 -0.5087 2.1351 326.3500 -4.6897 3.9323
327.1500 0.1629 0.4493 327.5500 -3.4189 2.1424 327.3500 4.9667 0.6826
328.1500 2.2489 4.4323 328.5500 -0.8267 4.2945 328.3500 3.1167 2.5675
329.1500 -0.1037 -3.6434 329.5500 -2.8788 0.5909 329.3500 -4.2695 0.6235
330.1500 1.1288 -1.8058 330.5500 -4.2131 2.6178 330.3500 -3.8376 -2.4291
331.1500 -3.5809 -3.4461 331.5500 4.8545 4.8100 331.3500 4.1304 -3.4173
332.1500 3.5915 2.2676 332.5500 -1.7587 3.1020 332.3500 -1.9435 -1.7880
333.1500 4.6267 -0.1148 333.5500 1.7409 4.2690 333.3500 2.0395 -1.2036
334.1500 -2.6875 -1.5153 334.5500 -4.0553 -2.7835 334.3500 0.6671 3.6190
335.1500 3.7303 -0.3656 335.5500 -3.5825 1.4565 335.3500 4.4018 -4.4647
336.1000 -0.4997 -0.0077 336.9000 -0.0080 0.0095 336.4000 0.5098 0.0003
336.5000 -0.3006 -0.5001 336.5000 0.3065 -0.4922 336.5000 -0.0080 0.5050
337.1500 4.5589 1.2085 337.5500 4.4351 -2.9111 337.3500 -3.1239 0.1206
338.1500 2.1025 -2.7681 338.5500 -3.0662 -0.5599 338.3500 2.7265 -0.6231
339.1500 0.2482 -3.7544 339.5500 -2.8943 -4.5710 339.3500 -4.7986 -4.8870
340.1500 -2.5833 2.9224 340.5500 3.3589 -4.3681 340.3500 4.0955 -4.1076
341.1500 -3.4744 -0.2708 341.5500 2.6535 0.7894 341.3500 4.8528 -3.3216
342.1500 1.7572 0.6487 342.5500 -0.8028 4.0807 342.3500 4.3861 -4.8027
343.1500 3.7145 -3.6005 343.5500 -3.2847 -0.2612 343.3500 -0.3913 3.2316
344.1000 -0.5071 -0.0041 344.9000 0.0056 0.0024 344.4000 0.4943 -0.0027
344.5000 -0.2946 -0.4951 344.5000 0.2985 -0.4921 344.5000 -0.0078 0.4968
345.1000 -0.4923 0.0055 345.9000 -0.0086 0.0067 345.4000 0.4981 -0.0068
345.5000 -0.2924 -0.4964 345.5000 0.2913 -0.5055 345.5000 0.0028 0.5088
346.1500 -4.7991 -3.1906 346.5500 1.2220 -2.7923 346.3500 4.8775 3.5973
347.1500 -2.6303 -0.6560 347.5500 2.8826 -1.7732 347.3500 -4.1810 2.8860
348.1000 -0.4914 0.0022 348.9000 0.0079 0.0088 348.4000 0.4955 -0.0022
348.5000 -0.3090 -0.4986 348.5000 0.2925 -0.4982 348.5000 -0.0077 0.4908
349.1500 -0.7760 -2.7749 349.5500 -1.5950 -0.5427 349.3500 2.4577 -4.4449
350.1500 4.6932 4.0509 350.5500 2.4230 1.0232 350.3500 0.1334 4.1708
351.1500 2.9997 4.9271 351.5500 1.2930 0.5492 351.3500 -2.5285 3.2664
352.1500 -3.5800 -0.4916 352.5500 -0.5931 -1.8939 352.3500 -2.6901 4.7888
353.1500 -0.6251 -3.6626 353.5500 2.0719 -1.0252 353.3500 3.3550 -3.4423
354.1500 3.9443 1.1672 354.5500 4.4198 2.2019 354.3500 4.7884 4.0577
355.1500 4.4090 -3.2511 355.5500 -1.0129 -4.2737 355.3500 3.1474 -0.1070
356.1500 -4.9374 0.8944 356.5500 -0.5356 2.4483 356.3500 -4.8437 0.7298
357.1500 2.8441 -1.8401 357.5500 -0.5700 -4.1790 357.3500 -4.0735 -4.2173
358.1500 -3.4082 -4.3572 358.5500 -4.1908 0.5466 358.3500 -3.2784 2.2558
359.1500 -3.9815 -1.7273 359.5500 3.1040 -3.8883 359.3500 -2.8513 2.5987
360.1500 -1.0856 -3.5534 360.5500 -2.9997 -2.0818 360.3500 -1.0208 -4.9937
361.1000 -0.5057 0.0027 361.9000 0.0003 0.0048 361.4000 0.5008 -0.0005
361.5000 -0.3061 -0.4982 361.5000 0.3060 -0.5069 361.5000 -0.0099 0.5100
362.1500 -2.6116 -4.3035 362.5500 -1.3898 -1.9777 362.3500 -3.8383 2.5184
363.1500 1.6085 3.6425 363.5500 4.2450 0.6127 363.3500 -2.2527 4.2281
364.1500 3.5044 0.4309 364.5500 3.1180 4.4776 364.3500 -0.5375 -1.9342
365.1500 -4.3186 -3.9157 365.5500 1.1329 -2.4144 365.3500 4.6993 -3.4045
366.1500 -0.4190 1.7973 366.5500 2.9638 4.1793 366.3500 3.5203 -4.5341
367.1500 4.9771 0.6632 367.5500 -1.1202 2.0322 367.3500 -4.0935 -4.7843
368.1500 -0.5721 1.2275 368.5500 0.2674 -0.0658 368.3500 -2.5094 -4.9151
369.1500 -1.2334 2.8778 369.5500 1.2964 -1.5941 369.3500 2.3926 -4.8777
370.1500 -4.2645 -2.3713 370.5500 0.5737 -1.2731 370.3500 -1.8968 -4.6393
371.1500 -1.6944 0.9257 371.5500 1.1499 -2.0348 371.3500 -1.9402 2.0174
372.1500 -1.5209 3.2138 372.5500 -3.3637 -2.8109 372.3500 -3.2606 -3.0690
373.1500 -4.8948 0.3058 373.5500 -0.4027 -1.3372 373.3500 0.6891 3.0245
374.1500 -1.9309 2.0452 374.5500 0.9716 3.4881 374.3500 1.4345 -2.5905
375.1500 2.4958 -2.1093 375.5500 3.4779 3.1787 375.3500 2.0568 2.3925
376.1500 0.4919 -1.3700 376.5500 2.1104 3.5725 376.3500 3.4219 4.2656
377.1000 -0.5032 -0.0008 377.9000 0.0028 0.0078 377.4000 0.4938 -0.0073
377.5000 -0.3088 -0.4925 377.5000 0.2988 -0.4963 377.5000 0.0000 0.5074
378.1500 -4.3966 -1.6376 378.5500 0.0897 1.3357 378.3500 -3.9264 -0.8623
379.1500 2.2557 -1.8791 379.5500 -0.6859 2.5785 379.3500 -3.2639 -3.1634
380.1500 -3.7021 -4.1108 380.5500 3.7046 0.0731 380.3500 2.8347 -4.9823
381.1500 -2.8044 -3.0996 381.5500 -1.8276 4.3978 381.3500 1.7738 1.7745
382.1500 0.8680 3.7900 382.5500 3.2035 -1.8102 382.3500 3.2018 -1.0122
383.1500 4.6822 0.3591 383.5500 3.4661 0.6507 383.3500 4.9168 3.5091
384.1500 -4.6876 -4.5371 384.5500 2.5705 2.2643 384.3500 1.9545 1.5534
385.1500 3.6572 -0.2444 385.5500 3.1658 -2.7517 385.3500 -0.5978 -4.8973
386.1500 2.9071 -4.2902 386.5500 2.5329 -4.7571 386.3500 1.6265 0.6203
387.1000 -0.4953 0.0080 387.9000 0.0066 -0.0010 387.4000 0.4987 0.0032
387.5000 -0.2901 -0.4982 387.5000 0.2978 -0.4924 387.5000 0.0023 0.5018
388.1500 -2.9736 4.9437 388.5500 0.6714 2.4133 388.3500 -4.7977 -4.5229
389.1500 1.5417 -1.7291 389.5500 4.2309 2.3905 389.3500 -3.8590 3.5569
390.1500 -2.6255 2.4977 390.5500 -2.5498 -0.0641 390.3500 4.8278 -3.8549
391.1000 -0.5062 0.0062 391.9000 -0.0041 -0.0098 391.4000 0.4936 0.0098
391.5000 -0.3035 -0.4969 391.5000 0.2955 -0.5055 391.5000 0.0095 0.4950
392.1500 -2.9069 2.3162 392.5500 2.5764 -0.5175 392.3500 -2.0194 -4.7229
393.1000 -0.4923 0.0099 393.9000 0.0038 0.0069 393.4000 0.4968 0.0059
393.5000 -0.3037 -0.5089 393.5000 0.2946 -0.4905 393.5000 0.0010 0.4912
394.1000 -0.4975 -0.0027 394.9000 -0.0090 -0.0088 394.4000 0.5023 0.0012
394.5000 -0.3028 -0.4937 394.5000 0.3081 -0.5100 394.5000 -0.0041 0.4931
395.1500 -4.0516 1.8539 395.5500 -4.9608 4.1025 395.3500 -3.4903 -3.8542
396.1500 -3.0221 -2.6773 396.5500 3.5329 -3.5982 396.3500 2.1357 -1.9793
397.1500 -4.5340 0.5657 397.5500 1.1566 4.1411 397.3500 1.5651 -0.9002
398.1500 -3.8584 4.6063 398.5500 0.3028 2.2568 398.3500 2.8176 -4.3080
399.1500 -0.5541 -4.6910 399.5500 2.3679 2.6970 399.3500 0.5280 -3.8174
400.1500 -1.5599 1.6399 400.5500 0.1378 -1.9524 400.3500 2.7405 -1.4255
401.1000 -0.4995 0.0016 401.9000 -0.0016 0.0021 401.4000 0.4976 0.0028
401.5000 -0.2944 -0.4990 401.5000 0.3012 -0.4932 401.5000 0.0017 0.5060
402.1500 1.1166 1.9413 402.5500 0.3351 -2.7132 402.3500 -1.8070 2.9319
403.1500 -1.1069 0.3207 403.5500 2.6582 0.7761 403.3500 2.6392 4.6567
404.1500 2.0195 -3.5653 404.5500 0.7699 -1.4397 404.3500 -4.6561 2.2931
405.1500 1.2779 3.0417 405.5500 2.4108 -0.8713 405.3500 0.1323 -0.6524
406.1000 -0.4971 -0.0084 406.9000 -0.0011 0.0056 406.4000 0.4934 -0.0081
406.5000 -0.3052 -0.5030 406.5000 0.2973 -0.4957 406.5000 0.0047 0.5018
407.1500 -3.1302 0.2558 407.5500 -3.0491 -2.1534 407.3500 0.2984 -4.6830
408.1500 0.9861 3.3905 408.5500 -1.9597 1.4702 408.3500 -2.8629 -0.4836
409.1000 -0.5076 0.0076 409.9000 -0.0078 -0.0049 409.4000 0.4999 0.0047
409.5000 -0.2933 -0.5007 409.5000 0.2956 -0.5041 409.5000 -0.0010 0.4955
410.1500 3.9391 -1.9994 410.5500 -4.2887 -4.1273 410.3500 -2.7998 -0.4428
411.1500 -0.9535 1.9774 411.5500 -2.2321 2.7570 411.3500 1.6510 0.5728
412.1500 -4.6086 -0.2657 412.5500 -2.2077 -2.8233 412.3500 2.5688 0.7413
413.1500 -2.0464 0.8408 413.5500 3.5850 -2.6198 413.3500 -4.2507 -0.1019
414.1500 -2.2901 1.3276 414.5500 -3.7844 0.2135 414.3500 -0.9641 0.7987
415.1000 -0.4910 0.0085 415.9000 0.0074 0.0053 415.4000 0.4906 0.0034
415.5000 -0.3063 -0.4958 415.5000 0.2955 -0.4937 415.5000 -0.0054 0.4917
416.1500 -2.6498 -1.2859 416.5500 0.0549 -4.4620 416.3500 -3.0786 0.4722
417.1500 -4.6392 -0.3004 417.5500 3.3170 4.7652 417.3500 -3.4501 -4.3512
418.1500 -4.8095 -3.3038 418.5500 3.6089 3.2815 418.3500 3.1970 4.6519
419.1500 3.7680 0.4997 419.5500 -4.8705 -0.7101 419.3500 3.8934 1.4025
420.1500 1.4929 -4.5053 420.5500 0.3792 1.5465 420.3500 -4.9754 -4.1450
421.1500 2.5705 -3.9439 421.5500 -1.0748 1.1525 421.3500 2.0315 -0.1568
422.1500 -0.1685 4.5339 422.5500 -1.5481 -4.0798 422.3500 4.0915 -2.5335
423.1500 2.3126 4.0156 423.5500 4.8299 -1.3670 423.3500 -2.3599 -4.7463
424.1500 -3.9258 -1.7361 424.5500 3.6985 1.6355 424.3500 -3.5994 -0.7761
425.1500 -0.5346 -3.2172 425.5500 0.0475 0.6226 425.3500 4.8866 -0.8347
426.1000 -0.5023 -0.0098 426.9000 0.0055 -0.0045 426.4000 0.4979 -0.0072
426.5000 -0.3013 -0.5054 426.5000 0.2986 -0.4992 426.5000 -0.0011 0.4959
427.1500 -1.6221 -0.2161 427.5500 -4.3434 -2.4725 427.3500 -2.9430 -3.7964
428.1500 -4.3583 -3.0999 428.5500 1.9436 4.6534 428.3500 4.0858 4.0514
429.1000 -0.4970 0.0027 429.9000 -0.0047 0.0047 429.4000 0.4973 0.0092
429.5000 -0.3027 -0.5051 429.5000 0.3035 -0.5034 429.5000 0.0019 0.4983
430.1500 -4.5799 -4.8221 430.5500 0.7133 3.4192 430.3500 -1.2314 0.6134
431.1000 -0.4917 0.0023 431.9000 0.0034 -0.0040 431.4000 0.4953 -0.0016
431.5000 -0.3097 -0.4946 431.5000 0.3097 -0.5064 431.5000 -0.0082 0.5055
432.1500 3.3021 1.9545 432.5500 3.1130 -4.7384 432.3500 -3.2457 -3.9043
433.1500 3.5534 -1.0581 433.5500 0.3628 -0.3466 433.3500 4.2150 -4.3351
434.1500 -0.7376 -2.4868 434.5500 -0.2915 2.8223 434.3500 -0.9523 3.6384
435.1500 -4.0554 -4.5503 435.5500 -3.4952 -3.6831 435.3500 -4.8820 -3.6020
436.1500 1.5264 4.2087 436.5500 4.7509 1.7098 436.3500 -3.0146 3.1083
437.1500 -0.1150 3.4770 437.5500 1.9730 -0.1422 437.3500 3.2053 -3.7988
438.1000 -0.4982 -0.0082 438.9000 0.0091 0.0082 438.4000 0.5030 -0.0019
438.5000 -0.2965 -0.4996 438.5000 0.3042 -0.4958 438.5000 -0.0005 0.4925
439.1000 -0.5020 0.0074 439.9000 -0.0078 0.0066 439.4000 0.5032 0.0047
439.5000 -0.3050 -0.4926 439.5000 0.3033 -0.5021 439.5000 0.0030 0.4998
440.1000 -0.5055 -0.0023 440.9000 -0.0021 -0.0000 440.4000 0.5073 0.0082
440.5000 -0.2964 -0.5005 440.5000 0.2965 -0.4951 440.5000 0.0091 0.5059
441.1000 -0.5011 -0.0091 441.9000 -0.0081 0.0023 441.4000 0.4905 0.0018
441.5000 -0.2970 -0.4914 441.5000 0.2923 -0.5006 441.5000 0.0087 0.5030
442.1500 4.7911 0.3216 442.5500 -4.5764 -3.7368 442.3500 3.9245 0.3583
443.1500 -4.0414 -4.0363 443.5500 3.8563 4.6055 443.3500 2.3797 -3.9482
444.1500 0.6463 -2.6439 444.5500 -4.2537 -2.9238 444.3500 0.7589 3.1202
445.1000 -0.5023 0.0096 445.9000 -0.0047 -0.0003 445.4000 0.5050 -0.0029
445.5000 -0.2982 -0.5029 445.5000 0.3027 -0.4948 445.5000 -0.0064 0.4959
446.1500 -4.2355 3.5905 446.5500 4.5539 -2.6875 446.3500 -1.4802 2.6326
447.1500 -3.1098 -4.4515 447.5500 -2.9324 0.5287 447.3500 0.2079 0.2998
448.1500 2.4307 -4.1925 448.5500 -2.5922 1.6719 448.3500 -4.2397 0.8743
449.1500 2.7999 0.2105 449.5500 1.1479 -2.0484 449.3500 -2.1219 -3.9992
450.1500 -4.9282 -1.2851 450.5500 3.4726 3.0852 450.3500 3.5652 -3.2921
451.1500 1.2241 -1.0221 451.5500 0.6283 2.8514 451.3500 -1.0356 0.1424
452.1500 1.5378 4.5072 452.5500 -2.9710 -4.9732 452.3500 3.2903 1.9965
453.1000 -0.5084 0.0048 453.9000 0.0021 -0.0020 453.4000 0.5084 -0.0100
453.5000 -0.2989 -0.4986 453.5000 0.2959 -0.5018 453.5000 0.0094 0.5016
454.1500 -3.1722 4.9864 454.5500 4.5926 2.0614 454.3500 3.2552 -4.9969
455.1000 -0.4987 -0.0095 455.9000 0.0078 0.0042 455.4000 0.5032 0.0024
455.5000 -0.2957 -0.4972 455.5000 0.3095 -0.5059 455.5000 -0.0012 0.5059
456.1500 4.2231 -0.8538 456.5500 2.6312 -3.8228 456.3500 1.5631 0.7428
457.1500 -0.4653 -2.0583 457.5500 -3.8436 0.1692 457.3500 -0.5855 4.4064
458.1500 -4.0556 2.0308 458.5500 -4.4628 -2.5127 458.3500 3.6210 -0.0725
459.1500 -4.9688 -1.1264 459.5500 -1.6024 4.6133 459.3500 -3.6762 -4.7119
460.1500 2.7384 -0.7984 460.5500 -2.1817 3.6702 460.3500 -4.0764 4.7742
461.1500 -0.3690 -1.9408 461.5500 -0.3938 -4.1239 461.3500 3.7919 -2.8003
462.1500 2.1153 0.7148 462.5500 -0.2884 4.1008 462.3500 1.9523 3.4516
463.1500 -2.7725 1.4602 463.5500 -2.4713 1.7859 463.3500 -0.3880 -1.7304
464.1500 2.6723 2.5650 464.5500 -2.8935 0.9854 464.3500 -2.9329 -3.8570
465.1500 3.1839 0.8514 465.5500 0.7007 1.2684 465.3500 -1.9825 2.8515
466.1500 -1.8259 -2.5590 466.5500 -0.9122 -2.3236 466.3500 1.4328 0.5154
467.1500 1.9339 2.4381 467.5500 4.0017 3.9767 467.3500 2.4118 1.5587
468.1500 -3.3176 3.1143 468.5500 0.5797 -4.0711 468.3500 4.8996 -0.1604
469.1500 -1.8627 -4.4575 469.5500 -0.9627 0.7097 469.3500 -2.0065 -1.8328
470.1000 -0.5088 -0.0080 470.9000 0.0084 0.0034 470.4000 0.5086 -0.0014
470.5000 -0.2989 -0.5018 470.5000 0.2925 -0.4948 470.5000 0.0065 0.4946
471.1500 4.9761 1.2807 471.5500 3.9726 1.0851 471.3500 -0.9959 1.2808
472.1500 0.9283 -0.3548 472.5500 -3.5680 3.4904 472.3500 0.6697 3.5291
473.1000 -0.5022 0.0008 473.9000 0.0005 0.0065 473.4000 0.4961 -0.0076
473.5000 -0.2991 -0.4940 473.5000 0.2908 -0.5064 473.5000 0.0057 0.5013
474.1500 0.5739 1.4407 474.5500 -1.3758 -1.6630 474.3500 2.4899 -0.7611
475.1500 3.6433 1.8166 475.5500 -3.6295 -0.8532 475.3500 -1.9827 3.0545
476.1500 -0.1821 0.9059 476.5500 3.0897 -0.9354 476.3500 4.5673 2.2985
477.1500 1.7238 -3.0796 477.5500 1.2276 -2.5974 477.3500 -2.0732 -1.7718
478.1500 2.9475 0.5364 478.5500 -2.9182 -3.0532 478.3500 4.3683 2.2105
479.1500 -2.4673 -3.7833 479.5500 -0.7986 -3.7656 479.3500 0.1163 -4.7194
480.1500 -3.2129 0.7426 480.5500 -0.8450 0.4771 480.3500 -4.8452 -3.2036
481.1500 1.6259 1.1774 481.5500 1.5177 0.5335 481.3500 1.2554 -4.2680
482.1500 1.9021 -3.3027 482.5500 4.1860 -2.2744 482.3500 1.7462 -0.5155
483.1500 -4.4538 0.3019 483.5500 -2.6234 -4.9330 483.3500 -3.2481 -0.8704
484.1500 -4.0393 -2.4814 484.5500 -3.2609 -3.0813 484.3500 -2.7325 -4.9005
485.1500 0.9775 -2.3633 485.5500 -4.7150 -4.7054 485.3500 -1.9557 -4.3970
486.1000 -0.4934 0.0015 486.9000 -0.0079 0.0096 486.4000 0.4915 0.0018
486.5000 -0.3065 -0.5033 486.5000 0.3026 -0.4900 486.5000 -0.0017 0.4930
487.1500 0.1824 4.0106 487.5500 -2.1670 -4.1387 487.3500 4.6610 -0.6239
488.1500 1.4896 0.8401 488.5500 -1.7252 -1.6005 488.3500 2.3721 4.2161
489.1500 3.8399 -3.4890 489.5500 -2.9346 -0.6674 489.3500 2.2512 -0.9342
490.1500 1.6326 -1.7386 490.5500 1.0534 -3.7971 490.3500 -3.1180 2.3335
491.1500 -0.7474 0.6013 491.5500 2.4698 -2.3348 491.3500 1.9746 -2.7981
492.1500 -3.9549 0.3470 492.5500 2.4987 -1.0272 492.3500 -1.0235 -4.5347
493.1500 4.5105 -4.0464 493.5500 -0.2054 -3.0168 493.3500 4.7629 -4.9829
494.1500 -0.0834 -1.7117 494.5500 1.2654 -4.0524 494.3500 -0.4419 3.1144
495.1500 4.4704 -4.1120 495.5500 4.4051 -3.1223 495.3500 -4.6456 -0.2948
496.1000 -0.5085 0.0028 496.9000 -0.0017 0.0071 496.4000 0.4907 0.0042
496.5000 -0.3025 -0.4995 496.5000 0.3036 -0.5006 496.5000 -0.0027 0.4942
497.1000 -0.5036 -0.0037 497.9000 0.0067 0.0064 497.4000 0.5033 -0.0074
497.5000 -0.2933 -0.5084 497.5000 0.2923 -0.5032 497.5000 -0.0078 0.5080
498.1000 -0.4927 -0.0006 498.9000 0.0062 -0.0090 498.4000 0.4949 0.0005
498.5000 -0.2976 -0.4956 498.5000 0.2914 -0.5004 498.5000 0.0042 0.5056
499.1500 -1.3376 2.8356 499.5500 -4.8723 4.7768 499.3500 3.4872 -2.1368
500.1500 1.2443 4.6862 500.5500 2.7179 -2.5865 500.3500 -1.0527 1.7570
501.1500 -2.8985 4.1204 501.5500 4.7906 1.8335 501.3500 -0.3750 -0.4757
502.1500 1.8880 1.7455 502.5500 -1.6008 1.7643 502.3500 -1.4987 0.5864
503.1500 -2.2908 2.1211 503.5500 2.3083 -2.7316 503.3500 0.1568 2.6579
504.1500 -4.1821 -0.5493 504.5500 4.1552 4.7052 504.3500 4.8166 2.8387
505.1500 0.1017 1.5250 505.5500 -2.6412 -1.0076 505.3500 2.9366 -2.5879
506.1500 1.5698 -1.5076 506.5500 1.5054 -2.8067 506.3500 0.6066 4.6232
507.1500 0.9716 -4.0111 507.5500 3.6110 1.3521 507.3500 4.8263 1.0965
508.1500 -3.0895 0.9367 508.5500 4.0906 -4.9353 508.3500 -4.4670 0.7545
509.1500 1.5929 -0.2966 509.5500 1.9766 -1.5239 509.3500 4.5062 -3.5764
510.1500 4.7036 4.3177 510.5500 4.6133 -1.3838 510.3500 -1.0233 -4.1291
511.1500 -4.5479 1.9749 511.5500 -3.0307 -1.2363 511.3500 4.7651 -0.6337
512.1500 3.9508 4.8708 512.5500 0.6307 3.5878 512.3500 -4.7345 0.5645
513.1500 0.0067 -4.5950 513.5500 3.4716 2.2521 513.3500 -2.5057 0.3274
514.1500 -3.2148 3.1366 514.5500 -2.2023 1.9612 514.3500 -4.8163 3.1839
515.1500 -3.8311 3.6193 515.5500 -4.9590 -1.9188 515.3500 1.4932 3.6644
516.1500 2.7495 -2.6925 516.5500 4.2419 -1.5055 516.3500 -4.1629 -2.2522
517.1000 -0.5064 -0.0074 517.9000 0.0036 -0.0061 517.4000 0.5033 -0.0091
517.5000 -0.2922 -0.5096 517.5000 0.2994 -0.5026 517.5000 -0.0084 0.4932
518.1500 -0.1062 3.6915 518.5500 -4.3773 -1.3043 518.3500 1.8994 -3.3385
519.1500 3.0994 -2.7741 519.5500 -2.1387 4.9603 519.3500 -1.0422 2.3446
520.1500 0.9395 4.0344 520.5500 1.8750 -1.2724 520.3500 -0.1101 3.6266
521.1500 4.3321 -2.3556 521.5500 2.4314 -2.8077 521.3500 2.1411 0.3859
522.1500 3.7100 -0.1387 522.5500 2.2164 -0.6637 522.3500 0.3523 0.1955
523.1500 -3.4631 0.6905 523.5500 -4.4261 -4.5147 523.3500 -4.7759 3.7014
524.1500 -0.6080 4.3174 524.5500 -2.1321 -1.2173 524.3500 -0.5540 2.1499
525.1500 -1.7829 0.5688 525.5500 0.8305 -2.7477 525.3500 3.4471 4.1887
526.1500 3.5403 1.6462 526.5500 1.9910 3.9690 526.3500 3.5092 -1.7849
527.1500 -3.3711 -1.0194 527.5500 3.0910 1.4926 527.3500 -1.2040 -1.2624
528.1500 4.6268 -3.5181 528.5500 -4.9764 -2.1830 528.3500 -2.7279 0.1377
529.1000 -0.5003 0.0075 529.9000 -0.0006 0.0043 529.4000 0.4972 0.0003
529.5000 -0.3022 -0.4964 529.5000 0.3070 -0.5089 529.5000 -0.0055 0.5074
530.1500 -1.1802 2.3986 530.5500 -4.5861 -3.2126 530.3500 -3.3001 3.0707
531.1500 1.6319 -1.7327 531.5500 -2.3703 -3.8542 531.3500 1.7368 1.5595
532.1500 0.0103 -3.7063 532.5500 0.2544 -1.5011 532.3500 -4.6552 0.1612
533.1500 3.1983 -2.1450 533.5500 -2.5095 2.8680 533.3500 1.1607 2.8428
534.1500 3.0389 2.1118 534.5500 -1.3822 -3.8832 534.3500 -2.9680 3.7714
535.1500 -0.2169 0.9041 535.5500 4.6011 2.9829 535.3500 -0.8894 4.0394
536.1500 -1.9710 2.5922 536.5500 -1.8224 -4.4747 536.3500 3.4881 1.4752
537.1500 3.9524 -3.4345 537.5500 0.4473 -2.7849 537.3500 1.5844 2.2082
538.1500 -1.3857 -2.0368 538.5500 -1.1861 0.1244 538.3500 -2.0284 3.2271
539.1500 4.0676 -0.6729 539.5500 -2.6510 3.8372 539.3500 -0.9900 2.2348
540.1500 2.4673 3.0305 540.5500 -2.2843 0.9916 540.3500 3.5018 1.7588
541.1500 4.0173 3.6406 541.5500 1.4777 4.6392 541.3500 4.2819 4.2440
542.1500 4.1234 -3.5797 542.5500 -2.8762 -2.9009 542.3500 1.0977 0.2398
543.1500 1.0308 1.7062 543.5500 -1.0185 -0.1074 543.3500 -2.1496 1.0745
544.1500 3.1207 -0.0147 544.5500 -1.5158 0.8554 544.3500 -4.3954 4.1419
545.1500 -2.4436 -4.0850 545.5500 -4.9407 -1.2652 545.3500 -1.1234 -4.0052
546.1500 -3.7678 -2.5432 546.5500 -2.0842 2.8901 546.3500 -2.2667 0.8534
547.1500 -4.5152 4.4934 547.5500 -4.0339 -2.4367 547.3500 4.2051 -3.4688
548.1500 3.3489 4.6826 548.5500 1.9960 2.8596 548.3500 -0.7920 3.5744
549.1500 3.5019 2.3186 549.5500 -4.7126 -1.0609 549.3500 -0.7054 1.8289
550.1500 2.5270 0.1727 550.5500 1.4834 -4.2007 550.3500 -2.4749 0.3339
551.1500 -4.2353 -2.6542 551.5500 -2.8063 -1.9329 551.3500 -2.3257 3.8582
552.1500 -0.2325 0.7796 552.5500 4.2712 -1.9222 552.3500 -0.3643 3.2280
553.1500 3.3366 -2.6868 553.5500 0.5460 2.2573 553.3500 -2.2541 2.8906
554.1500 -3.5045 1.0330 554.5500 2.2616 2.1640 554.3500 1.7187 1.2309
555.1500 -0.7759 1.8145 555.5500 -1.7408 -4.2540 555.3500 4.2858 1.4396
556.1000 -0.4928 0.0080 556.9000 0.0069 0.0062 556.4000 0.4999 0.0040
556.5000 -0.2925 -0.4901 556.5000 0.2913 -0.4993 556.5000 -0.0040 0.4923
557.1500 2.1188 2.9530 557.5500 -1.1415 2.2652 557.3500 4.5936 1.4823
558.1500 -4.9420 2.9100 558.5500 -2.4368 1.8960 558.3500 -2.7467 2.9309
559.1500 -3.8729 2.5700 559.5500 -4.0220 -1.9704 559.3500 3.7506 -1.5747
560.1500 -0.5008 -4.9667 560.5500 1.2474 -3.4785 560.3500 2.2912 4.0256
561.1500 4.4226 -4.5861 561.5500 -4.2024 -0.8623 561.3500 1.5079 1.0435
562.1500 -1.7384 -3.7118 562.5500 -4.3579 4.8487 562.3500 1.9605 4.3386
563.1500 3.6824 0.9204 563.5500 -3.5759 2.9532 563.3500 2.4734 -3.2524
564.1500 -2.5673 -2.4251 564.5500 -1.1596 -1.5573 564.3500 -2.9321 0.8605
565.1500 -3.5531 -3.1616 565.5500 -2.9036 1.3567 565.3500 -1.6199 3.5022
566.1500 -3.1319 -0.0835 566.5500 -3.2067 4.2224 566.3500 -1.5308 0.9398
567.1500 -0.9507 -3.3351 567.5500 -4.5693 2.3063 567.3500 -2.7607 -4.8096
568.1000 -0.4913 0.0012 568.9000 -0.0021 0.0075 568.4000 0.4945 0.0033
568.5000 -0.3087 -0.5080 568.5000 0.3016 -0.4961 568.5000 0.0008 0.5006
569.1000 -0.4993 -0.0070 569.9000 -0.0045 -0.0014 569.4000 0.4994 -0.0093
569.5000 -0.3048 -0.4995 569.5000 0.2959 -0.4900 569.5000 -0.0093 0.4975
570.1500 -4.8932 0.4799 570.5500 -0.7790 2.7344 570.3500 -1.6573 3.9303
571.1000 -0.4916 -0.0058 571.9000 0.0001 -0.0055 571.4000 0.5067 0.0004
571.5000 -0.2944 -0.5057 571.5000 0.2983 -0.4930 571.5000 -0.0040 0.4953
572.1000 -0.5047 -0.0079 572.9000 0.0014 -0.0019 572.4000 0.4921 0.0089
572.5000 -0.2978 -0.4944 572.5000 0.2909 -0.4964 572.5000 0.0024 0.4974
573.1500 -3.0236 3.0921 573.5500 1.2107 1.7930 573.3500 -0.6356 -2.7590
574.1500 -3.1097 -1.6517 574.5500 4.7820 -2.0662 574.3500 1.5962 0.6253
575.1000 -0.5036 0.0010 575.9000 0.0043 -0.0030 575.4000 0.4988 -0.0087
575.5000 -0.3041 -0.4948 575.5000 0.3036 -0.5080 575.5000 0.0029 0.4907
576.1500 2.8964 2.9698 576.5500 4.5483 -1.9935 576.3500 2.9348 0.6360
577.1500 2.8609 -1.7626 577.5500 -1.9287 0.7585 577.3500 -1.9866 -1.2230
578.1500 4.4985 3.6426 578.5500 0.6023 -3.2316 578.3500 4.5927 4.5930
579.1500 0.1491 4.3016 579.5500 2.3732 1.3824 579.3500 -1.9795 2.5825
580.1500 -1.1114 3.8024 580.5500 -0.4163 -3.8967 580.3500 -1.0612 -0.5809
581.1500 -4.7227 1.3690 581.5500 0.1670 1.0340 581.3500 4.5853 1.0481
582.1500 2.4346 2.5776 582.5500 4.4009 -1.7611 582.3500 4.1961 4.2773
583.1500 -4.2326 -4.7023 583.5500 3.9527 3.0402 583.3500 -0.0765 -2.0851
584.1500 -0.2100 4.5743 584.5500 2.2051 -2.2507 584.3500 -2.1057 2.4055
585.1000 -0.5019 -0.0059 585.9000 -0.0097 0.0089 585.4000 0.4925 -0.0095
585.5000 -0.2995 -0.5050 585.5000 0.3040 -0.4905 585.5000 -0.0048 0.4914
586.1500 -4.7903 -4.3883 586.5500 1.5860 1.9140 586.3500 4.5903 3.5538
587.1500 3.4630 -0.5898 587.5500 2.7782 0.9371 587.3500 0.1342 2.7699
588.1500 -2.4026 -4.3853 588.5500 -2.3443 1.7283 588.3500 -0.5803 3.9520
589.1000 -0.5063 0.0048 589.9000 -0.0033 0.0018 589.4000 0.4913 0.0030
589.5000 -0.2988 -0.4961 589.5000 0.3093 -0.5044 589.5000 0.0003 0.4905
590.1500 -3.1881 0.3339 590.5500 -0.7068 -4.7437 590.3500 1.2258 -4.3581
591.1500 1.7604 2.1094 591.5500 -3.5736 -1.3431 591.3500 -0.8562 4.8217
592.1500 2.5768 0.1237 592.5500 -4.6197 4.4265 592.3500 -1.7299 4.8604
593.1500 -1.0607 -2.6696 593.5500 0.3023 1.7031 593.3500 -4.3552 -1.0116
594.1000 -0.5022 0.0065 594.9000 0.0019 0.0028 594.4000 0.5060 0.0075
594.5000 -0.3047 -0.5073 594.5000 0.3100 -0.5036 594.5000 0.0043 0.4977
595.1500 -3.9837 3.6797 595.5500 0.6034 -1.3417 595.3500 0.1928 1.7525
596.1500 1.3920 3.5439 596.5500 0.7608 -4.2058 596.3500 0.9832 3.1866
597.1500 1.3918 2.1864 597.5500 0.0569 -0.6005 597.3500 2.7733 -2.1788
598.1500 2.7817 -4.8793 598.5500 -3.3109 -1.5266 598.3500 -2.1625 -1.2081
599.1500 0.4723 -3.2352 599.5500 -0.9603 -1.2943 599.3500 4.0850 -0.7485
600.1500 2.3297 -0.5292 600.5500 2.8227 -3.5711 600.3500 -3.7389 -1.4469
601.1500 3.2518 -1.3833 601.5500 4.5384 -1.9172 601.3500 1.7800 0.4534
602.1500 -0.1829 -1.0616 602.5500 2.0133 -4.3841 602.3500 -1.3569 -1.0799
603.1000 -0.5019 -0.0090 603.9000 0.0012 -0.0060 603.4000 0.4985 0.0084
603.5000 -0.3010 -0.5001 603.5000 0.2909 -0.4906 603.5000 0.0084 0.4906
604.1500 3.8954 4.1322 604.5500 2.7420 -4.6305 604.3500 4.4916 3.8019
605.1500 -1.0738 -1.6821 605.5500 2.7719 3.6199 605.3500 4.9815 -3.7032
606.1500 -0.5688 0.9336 606.5500 -3.4018 -1.4116 606.3500 -0.7730 4.1205
607.1500 -0.6874 -4.0064 607.5500 1.6623 3.7568 607.3500 3.5329 -4.3585
608.1500 0.8776 -3.8910 608.5500 -4.1366 -4.7690 608.3500 4.4277 3.5415
609.1500 1.9039 1.6369 609.5500 -1.4729 -3.7933 609.3500 2.2879 1.8535
610.1500 2.7397 -1.2152 610.5500 2.8127 0.7748 610.3500 4.6812 2.5892
611.1500 -3.0632 -0.8445 611.5500 -1.2499 4.2602 611.3500 2.2121 0.3497
612.1500 1.9525 4.7935 612.5500 -2.7851 1.7655 612.3500 0.9615 3.0845
613.1500 2.6074 -3.8114 613.5500 1.7685 -2.5844 613.3500 -0.7197 3.6038
614.1000 -0.4931 0.0006 614.9000 0.0083 0.0060 614.4000 0.4951 -0.0085
614.5000 -0.3084 -0.4958 614.5000 0.3059 -0.4934 614.5000 0.0042 0.5031
615.1500 -1.4835 1.0724 615.5500 1.6274 3.6164 615.3500 1.0190 -4.4799
616.1000 -0.5036 -0.0003 616.9000 0.0034 -0.0002 616.4000 0.5058 -0.0028
616.5000 -0.2914 -0.5053 616.5000 0.2945 -0.5059 616.5000 0.0039 0.4945
617.1500 2.0649 2.7890 617.5500 1.7121 -0.3848 617.3500 4.0270 1.3990
618.1500 -3.0499 2.9792 618.5500 -1.3737 -2.2959 618.3500 -4.1386 0.0917
619.1500 -3.8165 -0.0193 619.5500 -1.0355 -4.6866 619.3500 -1.2839 -2.2773
620.1500 0.8922 -4.7427 620.5500 -3.6826 -0.2861 620.3500 2.1460 -3.5819
621.1500 -0.3758 2.2904 621.5500 -0.7043 -4.9368 621.3500 -0.6401 -3.2511
622.1500 -0.0219 2.5544 622.5500 2.0445 -2.0520 622.3500 -1.9877 2.1855
623.1500 1.4206 1.0997 623.5500 -4.8552 -0.0255 623.3500 -1.3207 1.4754
624.1500 2.0134 3.0612 624.5500 0.0528 -4.1833 624.3500 2.6939 0.3880
625.1000 -0.5051 -0.0020 625.9000 -0.0032 -0.0055 625.4000 0.4943 0.0017
625.5000 -0.2983 -0.4933 625.5000 0.3024 -0.4910 625.5000 -0.0099 0.4914
626.1500 -4.4275 -0.1662 626.5500 0.9678 -2.0358 626.3500 -3.7031 3.4614
627.1500 0.8790 0.8294 627.5500 0.4945 -4.9158 627.3500 -4.0957 1.1273
628.1500 1.7470 2.2297 628.5500 0.6416 3.4795 628.3500 -4.7250 0.3139
629.1500 -0.7681 -2.8600 629.5500 2.4919 -3.7984 629.3500 -2.3441 3.5501
630.1500 -0.9310 0.1462 630.5500 -3.6846 3.8576 630.3500 4.6014 -4.4423
631.1500 -3.1386 0.0145 631.5500 -0.9536 -0.2525 631.3500 1.1476 -0.0654
632.1500 2.6182 -2.8597 632.5500 3.2397 2.1603 632.3500 2.1396 2.5952
633.1500 -0.9855 -4.9572 633.5500 -0.3500 4.4913 633.3500 -0.6716 -0.7723
634.1500 -0.9949 -0.9878 634.5500 -4.1386 4.5123 634.3500 2.8760 0.9906
635.1500 4.0414 3.9287 635.5500 2.7434 4.8350 635.3500 0.1824 3.4073
636.1500 -4.6229 -3.7848 636.5500 0.3322 4.2932 636.3500 -3.5188 1.8158
637.1500 1.6333 3.9037 637.5500 0.2483 -0.3041 637.3500 1.6635 1.5182
638.1500 2.5028 4.4760 638.5500 3.0868 2.4917 638.3500 -3.8909 -2.1856
639.1500 0.5051 -3.1269 639.5500 -4.7051 4.7611 639.3500 1.5727 -0.0722
640.1500 0.0784 -1.0286 640.5500 -1.7760 -3.6975 640.3500 -1.5797 0.4207
641.1000 -0.4961 0.0029 641.9000 0.0057 -0.0022 641.4000 0.5065 -0.0011
641.5000 -0.3048 -0.5020 641.5000 0.3048 -0.5064 641.5000 0.0048 0.4930
642.1500 -0.2987 3.1263 642.5500 -1.3750 -4.2993 642.3500 -0.7340 0.8296
643.1500 3.8528 -0.3048 643.5500 0.3625 3.2215 643.3500 -4.3147 -0.5238
644.1500 -3.5051 2.5618 644.5500 2.2610 2.4189 644.3500 3.7377 -0.9635
645.1500 -4.2977 3.8412 645.5500 -3.4361 -2.2127 645.3500 4.7850 0.9862
646.1500 -1.4317 1.0911 646.5500 4.2693 -1.4419 646.3500 -0.5889 -3.8327
647.1500 -1.1783 0.9722 647.5500 4.8878 -1.2135 647.3500 3.0848 -1.2079
648.1000 -0.5000 0.0051 648.9000 0.0023 0.0097 648.4000 0.5087 -0.0032
648.5000 -0.3014 -0.4962 648.5000 0.3015 -0.4961 648.5000 0.0030 0.4904
649.1500 -1.9737 2.4827 649.5500 -0.4887 -1.2850 649.3500 -4.3272 -2.6326
650.1500 -2.9543 -1.7898 650.5500 0.2733 2.5914 650.3500 0.4189 -2.6384
651.1500 4.5213 -3.3956 651.5500 3.6574 -0.0149 651.3500 3.0085 -4.0231
652.1000 -0.4919 0.0059 652.9000 0.0002 -0.0018 652.4000 0.4936 -0.0030
652.5000 -0.2982 -0.4981 652.5000 0.2937 -0.4983 652.5000 0.0037 0.5067
653.1500 4.8834 3.1571 653.5500 3.6956 3.7080 653.3500 -4.6360 0.6884
654.1500 -4.2604 3.0176 654.5500 -4.2454 0.2352 654.3500 2.5448 -3.2559
655.1000 -0.5078 0.0017 655.9000 -0.0094 -0.0017 655.4000 0.4938 0.0020
655.5000 -0.2913 -0.4901 655.5000 0.2962 -0.4948 655.5000 -0.0049 0.5055
656.1500 -0.3513 -3.0091 656.5500 2.1815 0.3176 656.3500 -2.1338 -4.5139
657.1500 0.0978 -3.3448 657.5500 4.0616 3.5833 657.3500 -1.7698 -4.6883
658.1000 -0.5089 0.0053 658.9000 0.0043 0.0060 658.4000 0.5081 -0.0004
658.5000 -0.3025 -0.5092 658.5000 0.3022 -0.5012 658.5000 -0.0081 0.4946
659.1500 -2.4457 -2.5720 659.5500 -1.9784 0.6149 659.3500 -1.4096 -3.9597
660.1500 -1.3470 -0.3250 660.5500 3.2349 -3.6316 660.3500 -1.9422 3.4441
661.1500 -4.3845 1.9260 661.5500 2.2754 -0.2572 661.3500 4.7480 0.9220
662.1500 -0.4817 1.0338 662.5500 -2.1259 -4.1934 662.3500 -1.9765 -0.2173
663.1500 -2.5013 -2.9756 663.5500 4.9291 -4.4776 663.3500 2.6156 0.1637
664.1500 -2.0585 -2.9865 664.5500 -3.8249 -2.6503 664.3500 -2.1387 -4.3544
665.1000 -0.4997 -0.0028 665.9000 -0.0057 0.0050 665.4000 0.5088 0.0047
665.5000 -0.3078 -0.4927 665.5000 0.2944 -0.4936 665.5000 0.0031 0.4992
666.1500 -4.1572 -2.4332 666.5500 0.4805 -3.9265 666.3500 3.3464 2.4369
667.1500 -1.7049 -0.8581 667.5500 -2.6150 -1.8977 667.3500 -4.8043 3.2982
668.1500 -1.3802 2.6575 668.5500 2.0586 -0.9808 668.3500 -0.8599 4.4174
669.1500 4.5410 1.3119 669.5500 -1.8271 -4.5013 669.3500 -3.9263 -3.5310
670.1500 4.3024 0.9796 670.5500 -0.1823 -0.9084 670.3500 3.0207 4.8606
671.1500 -3.9572 1.4087 671.5500 1.7247 2.9903 671.3500 -4.1751 4.7020
672.1500 -2.1526 -4.3009 672.5500 1.4555 -2.3856 672.3500 1.4806 -3.6034
673.1500 -1.4195 -3.6626 673.5500 1.9001 0.8980 673.3500 -1.6986 0.0847
674.1500 0.6104 1.7947 674.5500 4.7083 -0.2761 674.3500 3.5358 1.7293
675.1500 0.7953 2.2444 675.5500 -2.9381 -0.9224 675.3500 -1.7803 -4.8562
676.1500 0.4395 4.6169 676.5500 1.8850 -1.7385 676.3500 2.3601 -1.4612
677.1500 -0.8532 0.7651 677.5500 4.3675 -2.1785 677.3500 -1.9577 2.4051
678.1000 -0.5066 -0.0064 678.9000 0.0044 -0.0057 678.4000 0.4952 0.0085
678.5000 -0.2947 -0.5072 678.5000 0.2915 -0.4914 678.5000 -0.0019 0.4938
679.1500 2.2709 -2.4603 679.5500 -3.4638 -0.4232 679.3500 1.6474 -0.7031
680.1500 2.4277 2.6386 680.5500 -1.6516 1.8118 680.3500 4.1675 -3.3722
681.1500 -4.9539 0.4475 681.5500 -2.8912 4.1386 681.3500 -2.5951 2.0440
682.1500 2.9505 2.0013 682.5500 0.4737 2.7538 682.3500 -1.1107 4.6513
683.1500 1.9968 1.1943 683.5500 -3.3710 -3.0864 683.3500 -1.1043 -3.7457
684.1500 -4.7971 -3.4412 684.5500 4.9637 -4.0422 684.3500 -4.4895 0.2394
685.1500 -0.8023 2.6127 685.5500 3.3780 3.1089 685.3500 -2.0851 2.2447
686.1500 3.7608 0.3405 686.5500 1.3370 3.3251 686.3500 1.7707 -3.5651
687.1500 -2.3257 2.8889 687.5500 -4.5597 -1.0399 687.3500 2.2582 -1.5155
688.1500 1.0998 1.8920 688.5500 -4.5398 4.0576 688.3500 2.0227 0.7993
689.1500 1.9402 0.8851 689.5500 -0.4167 -4.7686 689.3500 2.0946 4.7254
690.1500 -2.4219 -2.9065 690.5500 -3.9310 -0.8631 690.3500 -3.6899 -2.2078
691.1500 -0.0548 -0.1521 691.5500 -1.2349 -3.8451 691.3500 2.6749 -2.0710
692.1500 0.8230 4.0028 692.5500 0.6876 -3.0905 692.3500 -0.0519 -4.1167
693.1500 -0.7826 1.8588 693.5500 2.4492 4.9277 693.3500 -3.9298 4.7089
694.1500 0.7183 -0.5853 694.5500 -3.9630 -1.6282 694.3500 -3.0700 -3.2619
695.1500 -4.8526 -1.7492 695.5500 -3.4176 2.6840 695.3500 1.6132 -3.2879
696.1000 -0.5097 -0.0073 696.9000 0.0054 -0.0067 696.4000 0.4996 0.0060
696.5000 -0.3013 -0.5072 696.5000 0.2991 -0.4922 696.5000 -0.0096 0.5004
697.1500 4.7758 2.7157 697.5500 -4.7671 -4.3210 697.3500 -1.1024 -2.1356
698.1500 0.5312 2.2216 698.5500 3.5840 -1.9102 698.3500 3.1810 2.6388
699.1500 2.6631 0.3878 699.5500 1.1725 -0.3970 699.3500 -4.6434 4.5455
700.1500 1.3475 2.4934 700.5500 1.0331 4.6065 700.3500 2.7026 3.3285
701.1500 0.2416 4.6240 701.5500 1.1618 -0.0616 701.3500 -4.3029 -4.7757
702.1500 -2.1013 2.9626 702.5500 4.3543 2.4916 702.3500 1.6839 -2.3198
703.1000 -0.4934 -0.0002 703.9000 -0.0031 0.0002 703.4000 0.4972 -0.0058
703.5000 -0.2947 -0.4973 703.5000 0.3075 -0.4945 703.5000 -0.0097 0.5076
704.1500 -1.4571 -2.2937 704.5500 0.3727 1.6113 704.3500 -1.2464 3.8802
705.1500 -2.8791 0.3692 705.5500 -2.7080 4.4903 705.3500 -4.4370 0.5227
706.1500 0.2490 -2.0629 706.5500 4.9563 -0.9313 706.3500 -1.1034 -2.5230
707.1000 -0.4955 -0.0078 707.9000 0.0047 -0.0067 707.4000 0.5089 0.0037
707.5000 -0.3091 -0.4913 707.5000 0.2978 -0.5023 707.5000 0.0065 0.4918
708.1500 4.9040 4.3705 708.5500 2.8350 -4.2812 708.3500 -1.2432 -1.9706
709.1500 -3.4806 -2.0398 709.5500 -3.1394 -3.0502 709.3500 0.3419 -3.2529
710.1500 3.9520 -1.7392 710.5500 -1.4165 -0.8834 710.3500 -3.1574 2.5172
711.1500 -1.2979 0.7363 711.5500 -3.5486 4.2190 711.3500 -3.6839 -0.6722
712.1500 -3.7452 -0.1039 712.5500 4.8290 3.8570 712.3500 -0.7050 -0.9771
713.1000 -0.4921 0.0008 713.9000 -0.0013 -0.0068 713.4000 0.4966 -0.0063
713.5000 -0.3038 -0.4909 713.5000 0.3047 -0.5003 713.5000 0.0070 0.4999
714.1500 -1.7740 -2.1556 714.5500 -3.9786 1.7612 714.3500 4.7707 -1.1450
715.1500 3.0378 3.8739 715.5500 4.4620 -3.3719 715.3500 -1.2866 2.9546
716.1000 -0.4961 -0.0002 716.9000 -0.0095 0.0089 716.4000 0.5038 -0.0073
716.5000 -0.2931 -0.5000 716.5000 0.2912 -0.5008 716.5000 0.0098 0.4953
717.1500 1.5101 -0.5478 717.5500 -1.9112 0.1512 717.3500 0.5637 -2.6748
718.1000 -0.4938 -0.0020 718.9000 -0.0009 -0.0077 718.4000 0.4929 -0.0062
718.5000 -0.2935 -0.4985 718.5000 0.2927 -0.4956 718.5000 -0.0024 0.5028
719.1500 2.1979 -3.0816 719.5500 4.4599 1.9135 719.3500 2.8891 -2.4256
720.1500 -0.7193 -0.5561 720.5500 -1.3183 -1.8881 720.3500 -1.8364 -1.6356
721.1000 -0.4982 -0.0067 721.9000 0.0009 -0.0029 721.4000 0.5026 -0.0077
721.5000 -0.2905 -0.5020 721.5000 0.2943 -0.5041 721.5000 0.0046 0.4917
722.1500 -0.3520 -3.5128 722.5500 3.4488 2.6656 722.3500 4.3051 -0.3552
723.1000 -0.5020 -0.0033 723.9000 0.0090 -0.0044 723.4000 0.5009 0.0025
723.5000 -0.2914 -0.4967 723.5000 0.2971 -0.4974 723.5000 0.0006 0.5054
724.1500 -0.8974 -4.6919 724.5500 -4.2300 -0.1099 724.3500 -3.6080 4.6436
725.1500 -4.3729 3.7893 725.5500 1.3132 -1.4528 725.3500 1.4507 -1.6723
726.1500 1.4565 2.6798 726.5500 3.3309 1.0594 726.3500 0.8062 -0.2918
727.1500 -0.8829 2.2209 727.5500 -0.1927 0.7198 727.3500 -3.1407 -2.5966
728.1500 -0.4347 0.1449 728.5500 -2.9426 2.0336 728.3500 0.9267 0.9364
729.1500 -1.4635 1.3182 729.5500 2.2439 -0.7022 729.3500 0.9431 3.1732
730.1500 3.4041 2.1820 730.5500 -2.7939 -3.1235 730.3500 2.0995 -1.5023
731.1500 -0.9473 1.4606 731.5500 -3.1209 -2.2409 731.3500 -3.2014 1.8284
732.1500 -3.3349 -3.8226 732.5500 2.4892 -1.6438 732.3500 -4.8323 -4.0730
733.1500 0.8131 -0.8502 733.5500 4.7844 4.5602 733.3500 0.5632 -0.5722
734.1500 -2.5286 -4.9848 734.5500 3.4411 1.3666 734.3500 -0.9920 -0.8684
735.1500 -2.3628 2.4818 735.5500 -4.7773 2.0513 735.3500 -3.7526 0.7299
736.1500 1.3872 1.2475 736.5500 3.5999 1.7215 736.3500 2.6831 -1.6262
737.1500 0.2719 -3.9032 737.5500 0.5442 3.8519 737.3500 3.7382 -0.8184
738.1000 -0.4904 0.0002 738.9000 -0.0051 0.0004 738.4000 0.5064 0.0065
738.5000 -0.3021 -0.5076 738.5000 0.2914 -0.4925 738.5000 -0.0049 0.5046
739.1500 3.1571 -4.4493 739.5500 2.3850 -2.2783 739.3500 -4.6014 0.5663
740.1500 2.7361 1.6209 740.5500 2.6021 1.6378 740.3500 -3.2241 -2.0778
741.1500 1.8716 2.0009 741.5500 4.3463 -4.2645 741.3500 2.3610 1.0558
742.1500 -3.5704 -1.4777 742.5500 -0.0424 2.5881 742.3500 -3.4834 -2.9773
743.1500 -2.5848 -0.7212 743.5500 1.1220 0.3276 743.3500 -1.4103 2.2287
744.1500 2.0680 4.4391 744.5500 1.6374 1.2515 744.3500 0.7172 -2.1557
745.1000 -0.4931 -0.0079 745.9000 0.0006 -0.0089 745.4000 0.5051 -0.0030
745.5000 -0.3018 -0.5028 745.5000 0.3008 -0.4922 745.5000 0.0009 0.5077
746.1500 0.8136 -1.0912 746.5500 -2.2275 1.6460 746.3500 2.4284 -2.2077
747.1500 -0.2220 -3.3793 747.5500 1.4595 1.7478 747.3500 4.3950 -2.0281
748.1000 -0.4934 0.0048 748.9000 0.0095 -0.0059 748.4000 0.4980 -0.0067
748.5000 -0.2954 -0.5079 748.5000 0.2990 -0.4918 748.5000 0.0012 0.4950
749.1500 -3.6659 -0.5068 749.5500 -2.5393 -4.9069 749.3500 1.1262 -2.4902
750.1000 -0.4953 0.0062 750.9000 0.0074 -0.0054 750.4000 0.5007 0.0019
750.5000 -0.2989 -0.5024 750.5000 0.2912 -0.4932 750.5000 0.0087 0.5007
751.1500 0.7449 -4.1040 751.5500 2.1464 1.6893 751.3500 -1.9989 -3.7548
752.1500 -4.6343 1.6527 752.5500 -3.4515 3.4684 752.3500 -2.8268 2.7574
753.1500 4.9537 4.3720 753.5500 1.3589 3.0081 753.3500 -0.7827 0.0115
754.1500 3.9596 1.7676 754.5500 -1.8622 -2.5740 754.3500 -3.4612 -1.1574
755.1000 -0.4996 0.0070 755.9000 -0.0083 0.0084 755.4000 0.5055 0.0047
755.5000 -0.3010 -0.5092 755.5000 0.2925 -0.5077 755.5000 0.0039 0.4990
756.1500 -3.3386 3.4223 756.5500 0.6250 -0.5425 756.3500 -4.8243 4.3802
757.1000 -0.4919 0.0082 757.9000 -0.0018 -0.0046 757.4000 0.4973 -0.0080
757.5000 -0.2958 -0.5052 757.5000 0.2916 -0.5092 757.5000 -0.0010 0.5077
758.1500 1.7740 3.5428 758.5500 4.7587 1.1036 758.3500 0.3948 -0.4267
759.1500 -3.8463 0.7476 759.5500 4.2441 2.2364 759.3500 0.1461 -0.9828
760.1500 2.3225 -3.7458 760.5500 4.5871 -3.3148 760.3500 4.3776 4.8180
761.1500 3.8212 -3.3345 761.5500 -4.1845 2.7508 761.3500 -4.9117 0.9225
762.1500 -3.3497 3.4450 762.5500 -4.2275 -0.7062 762.3500 1.7639 -4.2792
763.1500 -2.0157 -1.2201 763.5500 4.3035 -2.0359 763.3500 4.8413 0.5577
764.1500 -3.5061 -3.6269 764.5500 -2.3341 -2.1992 764.3500 -3.1713 0.8491
765.1500 -0.3478 3.7858 765.5500 0.4941 -0.5359 765.3500 1.2975 0.4353
766.1000 -0.4966 0.0079 766.9000 0.0072 0.0100 766.4000 0.4944 -0.0042
766.5000 -0.3041 -0.4909 766.5000 0.2990 -0.5088 766.5000 -0.0027 0.4975
767.1500 -4.5605 -0.8048 767.5500 1.5576 -2.9398 767.3500 -0.9767 3.1488
768.1500 4.5936 -2.3090 768.5500 -1.9489 -3.6200 768.3500 3.5772 -3.1594
769.1500 -1.3303 -4.6495 769.5500 -4.4246 3.8000 769.3500 -1.4121 -3.0699
770.1500 -3.6164 -1.9653 770.5500 -1.1645 4.7673 770.3500 -2.0629 0.1712
771.1500 2.3477 3.0198 771.5500 2.0934 -3.3667 771.3500 1.6177 0.9009
772.1500 4.8822 4.8766 772.5500 -4.6022 1.4832 772.3500 4.5010 -2.0205
773.1500 -2.5849 2.5027 773.5500 0.5122 -0.4066 773.3500 -0.2711 2.9806
774.1500 4.4878 1.2573 774.5500 -2.0101 -4.8246 774.3500 -1.5499 0.3340
775.1500 -4.9386 -2.1973 775.5500 3.7300 0.1514 775.3500 -1.0627 -3.3155
776.1500 -4.5878 1.0543 776.5500 -0.5067 4.4680 776.3500 -1.9092 3.7436
777.1500 -0.1105 4.9565 777.5500 -3.7006 -1.8989 777.3500 2.5253 0.7933
778.1500 -3.0552 4.1821 778.5500 0.9148 3.7829 778.3500 4.9985 1.7701
779.1000 -0.4967 -0.0061 779.9000 0.0039 0.0012 779.4000 0.5097 0.0047
779.5000 -0.2981 -0.4901 779.5000 0.3042 -0.4944 779.5000 -0.0082 0.4995
780.1500 1.7491 0.8462 780.5500 -3.3978 -3.7487 780.3500 -0.8065 -2.2060
781.1500 4.7979 -3.8422 781.5500 2.8160 -4.3645 781.3500 -4.5744 -1.5765
782.1500 -4.3380 4.5487 782.5500 -3.0241 -1.6484 782.3500 0.9890 -0.2660
783.1500 -1.5609 1.1536 783.5500 1.5255 -2.9896 783.3500 -3.6140 2.2556
784.1000 -0.5025 0.0061 784.9000 -0.0073 -0.0058 784.4000 0.5089 0.0054
784.5000 -0.3089 -0.4923 784.5000 0.2967 -0.4907 784.5000 -0.0007 0.4950
785.1500 -1.5251 -4.2020 785.5500 2.1837 -3.3383 785.3500 -0.8073 2.2738
786.1500 -2.1882 4.2089 786.5500 -2.9606 -4.9257 786.3500 -4.8285 -4.6414
787.1500 -1.3478 0.2557 787.5500 0.4780 4.3495 787.3500 -0.6132 3.5964
788.1500 1.2056 2.9037 788.5500 -2.5250 -3.7526 788.3500 0.1241 -2.8332
789.1000 -0.5056 0.0084 789.9000 -0.0002 0.0054 789.4000 0.5029 0.0004
789.5000 -0.2919 -0.4978 789.5000 0.2965 -0.4968 789.5000 -0.0092 0.4921
790.1500 -1.9478 -3.0897 790.5500 0.1064 -1.3810 790.3500 -1.2659 4.9692
791.1500 -1.9699 0.5452 791.5500 -1.4425 0.8659 791.3500 -1.9197 2.7396
792.1500 4.0972 -0.2669 792.5500 1.3644 -0.3159 792.3500 -2.9288 0.9528
793.1000 -0.5007 -0.0032 793.9000 0.0051 -0.0038 793.4000 0.4902 -0.0016
793.5000 -0.2992 -0.4942 793.5000 0.3020 -0.4948 793.5000 0.0098 0.5023
794.1500 0.8417 2.1755 794.5500 2.3673 2.3415 794.3500 -4.1200 -4.9971
795.1500 -4.8536 -2.5996 795.5500 2.8978 3.6115 795.3500 -1.1683 -4.2753
796.1500 2.6362 3.7714 796.5500 -4.9800 2.5980 796.3500 2.7010 -3.5361
797.1500 2.3912 2.9453 797.5500 4.0788 -0.5574 797.3500 -2.3141 -1.2286
798.1500 0.7752 -2.8400 798.5500 -0.5804 -1.3300 798.3500 2.2636 -2.5443
799.1500 -0.0577 -3.8299 799.5500 4.0625 4.6958 799.3500 4.3148 3.2985
800.1500 -0.7513 4.5252 800.5500 4.1587 -2.9465 800.3500 0.8310 -3.3509
801.1500 -2.1201 -0.1617 801.5500 0.4131 -3.1412 801.3500 -4.5096 -2.1146
802.1000 -0.4939 -0.0064 802.9000 0.0089 0.0004 802.4000 0.5038 0.0087
802.5000 -0.3026 -0.4916 802.5000 0.3023 -0.4985 802.5000 -0.0068 0.4923
803.1500 -2.3307 2.6320 803.5500 -2.1606 -4.5343 803.3500 0.2057 2.3037
804.1500 1.5111 3.2164 804.5500 -2.8295 2.6133 804.3500 3.9091 -0.1709
805.1500 -2.2939 -4.8259 805.5500 -2.4024 1.1931 805.3500 -3.8650 -4.2113
806.1500 -3.7135 -3.6959 806.5500 -0.3078 1.6965 806.3500 -3.7191 3.8180
807.1500 3.7931 2.8284 807.5500 2.3128 -0.1589 807.3500 2.6245 -2.1849
808.1500 2.7326 -1.4643 808.5500 0.4536 1.3783 808.3500 3.0133 -4.3877
809.1500 4.5034 -0.2190 809.5500 -3.7397 2.6563 809.3500 -4.4119 -0.7802
810.1500 4.4077 -2.3699 810.5500 3.6483 2.9463 810.3500 -0.5333 2.7566
811.1500 3.3701 3.6975 811.5500 -1.8275 -0.4226 811.3500 -4.8950 0.5991
812.1500 -1.9018 3.8253 812.5500 2.3283 -0.0990 812.3500 -1.6122 -2.3847
813.1500 -2.4317 -4.0793 813.5500 -4.8380 4.6051 813.3500 2.8719 0.5592
814.1500 1.2884 0.9922 814.5500 -1.0293 -2.9226 814.3500 4.7636 4.5680
815.1500 1.8868 -0.1702 815.5500 -0.0370 4.6683 815.3500 -3.4786 -3.0362
816.1500 -4.6655 -1.9012 816.5500 1.3835 -2.8128 816.3500 1.9140 -4.6686
817.1500 -2.9456 3.2344 817.5500 -0.4962 0.8422 817.3500 -1.3417 -0.0489
818.1500 -1.8185 2.6976 818.5500 4.1258 4.2839 818.3500 -0.5682 -3.1735
819.1500 1.2754 4.0141 819.5500 -0.9658 -2.6576 819.3500 3.3143 -0.8142
820.1500 -1.3758 2.5044 820.5500 -4.9359 -2.0432 820.3500 4.2510 -0.2398
821.1500 2.5380 -1.6578 821.5500 -4.8868 -3.1757 821.3500 3.3129 1.1264
822.1000 -0.4945 0.0056 822.9000 0.0062 0.0073 822.4000 0.5052 0.0038
822.5000 -0.2997 -0.5055 822.5000 0.2953 -0.5100 822.5000 -0.0096 0.5072
823.1500 -3.4990 3.3467 823.5500 -4.5872 2.1184 823.3500 -3.9168 -0.5689
824.1500 3.1411 -4.9559 824.5500 -4.0621 1.8033 824.3500 -2.0625 4.0756
825.1500 -0.5032 0.6599 825.5500 -1.0266 0.9464 825.3500 0.1111 -2.5169
826.1500 3.5640 4.6763 826.5500 3.8224 -1.1515 826.3500 2.9941 2.0705
827.1500 3.0439 2.7685 827.5500 4.3758 1.6815 827.3500 -0.5522 -3.1581
828.1500 -1.7172 -1.5651 828.5500 3.4574 -1.2377 828.3500 -0.3819 4.7797
829.1000 -0.4970 0.0031 829.9000 0.0020 -0.0082 829.4000 0.5012 -0.0058
829.5000 -0.2950 -0.5073 829.5000 0.2979 -0.4935 829.5000 -0.0096 0.4982
830.1500 1.9352 -3.7762 830.5500 -0.3614 -0.5217 830.3500 3.2468 2.4762
831.1500 -1.9815 1.5103 831.5500 2.2513 -3.3541 831.3500 1.6338 -2.7752
832.1500 -2.8681 0.7737 832.5500 4.4620 -1.8651 832.3500 -2.3946 -3.6743
833.1500 1.0833 1.0020 833.5500 -0.3926 4.4534 833.3500 4.3554 1.4267
834.1000 -0.4943 -0.0065 834.9000 0.0000 0.0050 834.4000 0.5084 -0.0058
834.5000 -0.3007 -0.5027 834.5000 0.2963 -0.4949 834.5000 -0.0083 0.4963
835.1500 -1.1415 -1.5225 835.5500 1.5142 0.3253 835.3500 -0.8767 -1.6597
836.1500 4.6860 2.4531 836.5500 -2.6632 -1.5419 836.3500 -3.7786 -0.0171
837.1500 -0.9735 -1.7587 837.5500 -0.4366 2.3317 837.3500 -1.4935 -1.4737
838.1500 -2.7175 -1.6401 838.5500 3.6446 4.2222 838.3500 -0.0868 2.8805
839.1500 -2.3712 -0.1626 839.5500 -0.0662 -1.8667 839.3500 -3.9664 -3.4457
840.1500 -4.9348 -0.1880 840.5500 -1.6616 0.4803 840.3500 0.6754 0.1761
841.1000 -0.5052 0.0003 841.9000 -0.0064 -0.0016 841.4000 0.4915 0.0087
841.5000 -0.2970 -0.5062 841.5000 0.2912 -0.5067 841.5000 0.0003 0.5013
842.1500 -0.0777 -0.4108 842.5500 -4.9610 3.8232 842.3500 -1.7059 -4.4746
843.1000 -0.4964 -0.0010 843.9000 0.0003 0.0017 843.4000 0.4940 0.0004
843.5000 -0.3035 -0.5050 843.5000 0.2998 -0.5055 843.5000 -0.0036 0.4919
844.1500 4.5646 3.7826 844.5500 3.6114 1.5302 844.3500 1.6680 1.3879
845.1000 -0.5044 -0.0054 845.9000 0.0094 0.0075 845.4000 0.4990 0.0100
845.5000 -0.3027 -0.4924 845.5000 0.2953 -0.5076 845.5000 -0.0092 0.5015
846.1500 3.4581 -0.9234 846.5500 0.2861 0.3630 846.3500 3.1802 3.1641
847.1500 -2.3089 0.9072 847.5500 -1.9949 -1.3834 847.3500 -2.5675 4.0193
848.1500 -4.2982 -2.2036 848.5500 -4.4973 -3.7336 848.3500 4.5121 3.8098
849.1500 0.1948 4.0689 849.5500 2.6257 -0.8378 849.3500 -1.4032 0.5354
850.1500 -0.5478 -4.7724 850.5500 -1.6448 1.6898 850.3500 -4.0994 2.5152
851.1500 3.9272 3.1812 851.5500 -1.5530 2.4528 851.3500 -4.5668 2.6848
852.1500 -0.8554 4.5599 852.5500 -4.3598 0.7622 852.3500 1.7899 -0.3563
853.1500 -2.8317 -2.7612 853.5500 -0.6644 -2.3691 853.3500 -4.2402 -2.5022
854.1500 -2.2692 1.4408 854.5500 3.7328 1.5770 854.3500 -2.0187 -0.2182
855.1500 3.1020 -3.6274 855.5500 4.7150 0.9083 855.3500 3.5079 -3.2558
856.1500 -4.7462 2.5938 856.5500 -2.9763 0.9027 856.3500 0.1173 1.8634
857.1500 -2.8683 -3.6115 857.5500 4.1718 3.9805 857.3500 -4.7937 -0.9290
858.1500 -1.2355 -0.2606 858.5500 0.1261 4.6341 858.3500 3.0832 -4.5123
859.1500 -0.1572 2.1569 859.5500 3.2340 4.2615 859.3500 -1.1159 -3.7339
860.1500 -4.4375 -4.8683 860.5500 -0.8240 -3.6911 860.3500 3.7096 -0.0373
861.1500 3.4693 -1.3930 861.5500 -4.2185 0.3110 861.3500 -2.3537 2.3457
862.1500 -2.5692 1.2016 862.5500 3.8732 -0.6556 862.3500 -3.7029 2.0797
863.1500 -3.8465 4.1006 863.5500 3.2903 -0.6524 863.3500 3.9263 4.5548
864.1500 4.3215 1.4260 864.5500 2.4239 -4.1025 864.3500 -1.7670 -2.6940
865.1500 -0.1382 1.9502 865.5500 0.7236 1.7660 865.3500 0.2309 -4.6808
866.1500 -4.5791 1.1138 866.5500 -0.9933 2.2226 866.3500 -1.4256 1.6183
867.1500 2.6927 1.5027 867.5500 -4.8764 3.0550 867.3500 3.1842 4.0825
868.1500 -0.7781 2.8832 868.5500 -3.0704 4.7329 868.3500 -0.5934 -0.4479
869.1500 -2.3237 -0.1012 869.5500 3.9790 0.3995 869.3500 -1.3082 4.6572
870.1000 -0.5004 -0.0016 870.9000 0.0076 0.0002 870.4000 0.4954 0.0045
870.5000 -0.3030 -0.4939 870.5000 0.3040 -0.4962 870.5000 -0.0021 0.5098
